20060104	0	1e+07	-1e+07	0	0	2e+07	nan	5.07157e+06	458	535
20060105	49094.6	1e+07	-9.99999e+06	0.00490946	2e+07	1.81588e+07	nan	4.19293e+06	474	496
20060106	21529.1	1e+07	-9.99999e+06	0.00215291	2e+07	1.21998e+07	nan	2.92463e+06	460	517
20060109	15849.9	1e+07	-1e+07	0.00158499	2e+07	1.10906e+07	nan	2.65544e+06	484	517
20060110	63405.6	1e+07	-1e+07	0.00634056	2e+07	9.96151e+06	nan	2.30659e+06	496	505
20060111	9154.29	9.99999e+06	-1e+07	0.000915429	2e+07	9.18975e+06	nan	2.12746e+06	512	519
20060112	-49068.4	1e+07	-1e+07	-0.00490684	2e+07	9.26184e+06	nan	2.29138e+06	531	522
20060113	21452.9	1e+07	-1e+07	0.00214529	2e+07	7.59542e+06	nan	1.75511e+06	539	526
20060116	29504.4	1e+07	-1e+07	0.00295044	2e+07	8.35914e+06	nan	2.01199e+06	517	538
20060117	9690.43	1e+07	-1e+07	0.000969043	2e+07	9.41921e+06	nan	2.11596e+06	477	557
20060118	-32034.6	1e+07	-1e+07	-0.00320346	2e+07	9.04536e+06	nan	2.14207e+06	505	535
20060119	3067.21	1e+07	-1e+07	0.000306721	2e+07	7.31147e+06	nan	1.68349e+06	506	544
20060120	-18420.8	9.99999e+06	-1e+07	-0.00184208	2e+07	7.40215e+06	nan	1.75494e+06	513	543
20060123	-40576	1e+07	-1e+07	-0.0040576	2e+07	7.45294e+06	nan	1.83184e+06	507	555
20060124	89942.1	1e+07	-1e+07	0.00899421	2e+07	8.50649e+06	nan	1.67555e+06	469	535
20060125	3794.8	1e+07	-1e+07	0.00037948	2e+07	8.08703e+06	nan	1.8939e+06	453	548
20060206	299.17	1e+07	-9.99999e+06	2.9917e-05	2e+07	7.91802e+06	nan	1.96281e+06	462	546
20060207	144958	1e+07	-1e+07	0.0144958	2e+07	7.27472e+06	nan	1.66903e+06	478	523
20060208	122468	1e+07	-1e+07	0.0122468	2e+07	7.81983e+06	nan	1.82678e+06	481	528
20060209	87968.5	9.99999e+06	-9.99999e+06	0.00879686	2e+07	8.61826e+06	nan	1.92326e+06	475	549
20060210	-44066.9	1e+07	-1e+07	-0.0044067	2e+07	9.09229e+06	nan	2.15985e+06	470	565
20060213	49018.1	1e+07	-1e+07	0.00490181	2e+07	7.99978e+06	nan	1.84921e+06	479	563
20060214	65184.8	9.99999e+06	-1e+07	0.00651848	2e+07	8.8182e+06	nan	1.88076e+06	490	524
20060215	21350.8	1e+07	-1e+07	0.00213508	2e+07	8.22884e+06	nan	1.97368e+06	484	526
20060216	58224.6	1e+07	-1e+07	0.00582246	2e+07	8.1292e+06	nan	1.9283e+06	493	515
20060217	-1596.88	1e+07	-1e+07	-0.000159688	2e+07	8.49035e+06	nan	2.08498e+06	491	524
20060220	21308.2	1e+07	-1e+07	0.00213082	2e+07	7.53525e+06	nan	1.8794e+06	492	543
20060221	90506.3	9.99999e+06	-1e+07	0.00905063	2e+07	8.27706e+06	nan	1.81156e+06	474	523
20060222	-30316	1e+07	-1e+07	-0.00303161	2e+07	7.52161e+06	nan	1.72352e+06	506	498
20060223	-55368.8	1e+07	-1e+07	-0.00553687	2e+07	7.35538e+06	nan	1.81898e+06	520	498
20060224	64123.2	1e+07	-1e+07	0.00641231	2e+07	6.7472e+06	nan	1.57335e+06	541	488
20060227	-3073.09	1e+07	-1e+07	-0.000307309	2e+07	7.68178e+06	nan	1.84276e+06	549	477
20060228	31341.8	1e+07	-1e+07	0.00313418	2e+07	8.42011e+06	nan	1.78699e+06	510	460
20060301	19868.5	1e+07	-9.99999e+06	0.00198684	2e+07	8.12844e+06	nan	1.87527e+06	528	439
20060302	42315.9	9.99999e+06	-9.99999e+06	0.00423159	2e+07	8.41668e+06	nan	1.98502e+06	528	456
20060303	-29116.2	1e+07	-1e+07	-0.00291162	2e+07	8.70538e+06	nan	2.05031e+06	511	469
20060306	-26065.7	1e+07	-1e+07	-0.00260657	2e+07	8.80431e+06	nan	2.14607e+06	525	473
20060307	55958.4	1e+07	-1e+07	0.00559584	2e+07	9.0263e+06	nan	2.04821e+06	493	482
20060308	30378	1e+07	-1e+07	0.0030378	2e+07	8.16108e+06	nan	2.02303e+06	480	502
20060309	-3227.86	1e+07	-1e+07	-0.000322786	2e+07	7.48312e+06	nan	1.93464e+06	494	504
20060310	22453.5	1e+07	-1e+07	0.00224535	2e+07	6.37088e+06	nan	1.62001e+06	497	501
20060313	24612.9	9.99999e+06	-9.99998e+06	0.00246129	2e+07	6.86531e+06	nan	1.74997e+06	494	505
20060314	-5157.17	1e+07	-1e+07	-0.000515718	2e+07	8.06557e+06	nan	1.81443e+06	513	456
20060315	23559.1	1e+07	-1e+07	0.00235591	2e+07	6.97249e+06	nan	1.75147e+06	537	434
20060316	-31610.3	1e+07	-1e+07	-0.00316102	2e+07	7.82261e+06	nan	1.90523e+06	554	433
20060317	35008	1e+07	-1e+07	0.0035008	2e+07	7.3455e+06	nan	1.78094e+06	567	419
20060320	44294	1e+07	-1e+07	0.0044294	2e+07	8.1194e+06	nan	2.07256e+06	555	437
20060321	71673.9	1e+07	-1e+07	0.00716738	2e+07	9.5255e+06	nan	2.16079e+06	536	419
20060322	-32735.5	1e+07	-1e+07	-0.00327355	2e+07	9.55951e+06	nan	2.42905e+06	525	435
20060323	16991.1	1e+07	-1e+07	0.00169911	2e+07	9.16326e+06	nan	2.2289e+06	536	436
20060324	-12711.6	9.99999e+06	-9.99999e+06	-0.00127116	2e+07	9.52052e+06	nan	2.29071e+06	530	446
20060327	-35342.7	9.99999e+06	-1e+07	-0.00353427	2e+07	9.89143e+06	nan	2.37653e+06	497	474
20060328	2402.51	1e+07	-1e+07	0.000240252	2e+07	9.57771e+06	nan	1.97629e+06	474	452
20060329	54552.5	9.99999e+06	-1e+07	0.00545525	2e+07	9.06227e+06	nan	2.16342e+06	457	459
20060330	88841	1e+07	-1e+07	0.0088841	2e+07	9.47716e+06	nan	2.25334e+06	430	495
20060331	-73935.1	1e+07	-1e+07	-0.00739351	2e+07	9.22998e+06	nan	2.14223e+06	410	511
20060403	-58443.1	1e+07	-1e+07	-0.00584431	2e+07	7.57043e+06	nan	1.85464e+06	427	488
20060404	70924.7	1e+07	-1e+07	0.00709247	2e+07	8.14093e+06	nan	1.80293e+06	428	472
20060405	-40150.7	1e+07	-1e+07	-0.00401507	2e+07	8.50994e+06	nan	2.05339e+06	454	463
20060406	-4616.06	1e+07	-1e+07	-0.000461606	2e+07	8.37865e+06	nan	2.00321e+06	473	459
20060407	-20495.4	1e+07	-1e+07	-0.00204954	2e+07	8.78212e+06	nan	2.10719e+06	459	481
20060410	17834.3	1e+07	-1e+07	0.00178343	2e+07	8.48182e+06	nan	1.93734e+06	461	494
20060411	78891.1	1e+07	-1e+07	0.00788911	2e+07	9.0724e+06	nan	1.87557e+06	459	455
20060412	79933.3	1e+07	-1e+07	0.00799333	2e+07	9.17143e+06	nan	2.10453e+06	444	467
20060413	107970	1e+07	-1e+07	0.010797	2e+07	1.00911e+07	nan	2.44238e+06	469	457
20060414	-65074.3	1e+07	-1e+07	-0.00650743	2e+07	1.0485e+07	nan	2.57366e+06	440	498
20060417	-26625.8	1e+07	-9.99999e+06	-0.00266258	2e+07	8.93885e+06	nan	2.04014e+06	464	485
20060418	69837.4	1e+07	-9.99999e+06	0.00698374	2e+07	9.53881e+06	nan	2.01223e+06	461	481
20060419	58169.5	1e+07	-1e+07	0.00581696	2e+07	8.79117e+06	nan	2.0164e+06	464	467
20060420	23604.2	9.99999e+06	-1e+07	0.00236042	2e+07	7.87184e+06	nan	1.85663e+06	460	476
20060421	-15897.7	9.99999e+06	-1e+07	-0.00158977	2e+07	7.63106e+06	nan	1.68594e+06	455	461
20060424	-15870.7	9.99999e+06	-9.99999e+06	-0.00158707	2e+07	7.65486e+06	nan	1.72027e+06	443	464
20060425	106318	1e+07	-1e+07	0.0106318	2e+07	8.08172e+06	nan	1.70077e+06	429	459
20060426	34099.1	1e+07	-9.99999e+06	0.00340991	2e+07	8.21919e+06	nan	1.94673e+06	455	446
20060427	6911.76	9.99999e+06	-9.99999e+06	0.000691176	2e+07	8.5339e+06	nan	1.90012e+06	466	429
20060428	-124322	1e+07	-1e+07	-0.0124322	2e+07	8.19533e+06	nan	1.87734e+06	474	419
20060508	-65267	1e+07	-1e+07	-0.0065267	2e+07	8.08525e+06	nan	1.76488e+06	456	410
20060509	-13471	1e+07	-1e+07	-0.0013471	2e+07	9.24911e+06	nan	1.63788e+06	430	381
20060510	-8450.07	1e+07	-1e+07	-0.000845007	2e+07	8.47673e+06	nan	1.73633e+06	428	386
20060511	57527.9	1e+07	-1e+07	0.00575279	2e+07	8.51354e+06	nan	1.77152e+06	438	393
20060512	-35224	1e+07	-1e+07	-0.0035224	2e+07	9.20269e+06	nan	1.98772e+06	441	393
20060515	76129.4	1e+07	-1e+07	0.00761294	2e+07	1.00505e+07	nan	1.87366e+06	450	387
20060516	18037.5	1e+07	-1e+07	0.00180375	2e+07	1.02947e+07	nan	1.76369e+06	434	362
20060517	166537	1e+07	-1e+07	0.0166537	2e+07	1.04878e+07	nan	2.06211e+06	428	386
20060518	163064	1e+07	-1e+07	0.0163064	2e+07	1.03686e+07	nan	2.05157e+06	430	410
20060519	57801.3	1e+07	-1e+07	0.00578013	2e+07	9.5715e+06	nan	1.82844e+06	417	408
20060522	-52524.9	1e+07	-1e+07	-0.00525249	2e+07	9.27039e+06	nan	1.6587e+06	429	408
20060523	20245.5	1e+07	-1e+07	0.00202455	2e+07	9.02063e+06	nan	1.50156e+06	415	399
20060524	114901	1e+07	-1e+07	0.0114901	2e+07	9.59809e+06	nan	1.7496e+06	395	431
20060525	-89741.4	1e+07	-1e+07	-0.00897414	2e+07	9.06723e+06	nan	1.78119e+06	408	426
20060526	26735.9	1e+07	-1e+07	0.00267359	2e+07	8.20533e+06	nan	1.54898e+06	409	440
20060529	20556.8	1e+07	-1e+07	0.00205568	2e+07	8.81577e+06	nan	1.43089e+06	416	405
20060530	97349.5	9.99999e+06	-1e+07	0.00973495	2e+07	8.48076e+06	nan	1.29726e+06	406	391
20060531	-45048	1e+07	-1e+07	-0.0045048	2e+07	9.74708e+06	nan	1.56563e+06	407	377
20060601	-94550.6	1e+07	-9.99999e+06	-0.00945506	2e+07	8.77872e+06	nan	1.63843e+06	423	371
20060602	-32370.6	1e+07	-1e+07	-0.00323706	2e+07	8.45488e+06	nan	1.46376e+06	426	379
20060605	-35874.8	1e+07	-1e+07	-0.00358748	2e+07	9.47764e+06	nan	1.7142e+06	458	403
20060606	-30329.2	1e+07	-1e+07	-0.00303292	2e+07	9.57996e+06	nan	1.59763e+06	463	417
20060607	104696	1e+07	-1e+07	0.0104696	2e+07	9.88295e+06	nan	1.8274e+06	488	434
20060608	33041	1e+07	-1e+07	0.0033041	2e+07	1.01311e+07	nan	1.89774e+06	467	473
20060609	-23489.3	1e+07	-9.99999e+06	-0.00234893	2e+07	8.18812e+06	nan	1.59651e+06	482	458
20060612	67298.2	1e+07	-1e+07	0.00672982	2e+07	8.38522e+06	nan	1.60783e+06	465	485
20060613	50017.8	1e+07	-1e+07	0.00500178	2e+07	8.24921e+06	nan	1.5772e+06	468	467
20060614	-41074.3	9.99999e+06	-9.99999e+06	-0.00410743	2e+07	7.44577e+06	nan	1.50094e+06	483	455
20060615	16396.4	1e+07	-9.99999e+06	0.00163965	2e+07	7.11779e+06	nan	1.43436e+06	480	470
20060616	139939	9.99999e+06	-1e+07	0.0139939	2e+07	7.31706e+06	nan	1.47212e+06	492	466
20060619	67984.1	1e+07	-1e+07	0.00679842	2e+07	8.50563e+06	nan	1.53164e+06	497	448
20060620	-11333.7	1e+07	-1e+07	-0.00113337	2e+07	8.94975e+06	nan	1.60201e+06	504	417
20060621	78035.7	9.99999e+06	-1e+07	0.00780357	2e+07	8.52216e+06	nan	1.63462e+06	506	412
20060622	-90342.6	1e+07	-1e+07	-0.00903427	2e+07	9.15412e+06	nan	1.83985e+06	500	427
20060623	-11539.5	1e+07	-1e+07	-0.00115395	2e+07	9.79805e+06	nan	1.9113e+06	488	439
20060626	50123.9	1e+07	-1e+07	0.00501239	2e+07	1.00406e+07	nan	1.81148e+06	499	432
20060627	61826.6	1e+07	-1e+07	0.00618266	2e+07	9.8405e+06	nan	1.62899e+06	462	426
20060628	-8429.78	1e+07	-1e+07	-0.000842977	2e+07	9.46517e+06	nan	1.81144e+06	464	435
20060629	23861.2	9.99999e+06	-1e+07	0.00238612	2e+07	9.85349e+06	nan	1.83433e+06	431	445
20060630	101773	1e+07	-9.99999e+06	0.0101773	2e+07	9.0715e+06	nan	1.64343e+06	420	438
20060703	-4653.12	1e+07	-1e+07	-0.000465312	2e+07	1.0846e+07	nan	1.77772e+06	376	442
20060704	126938	1e+07	-1e+07	0.0126938	2e+07	9.57309e+06	nan	1.59382e+06	407	411
20060705	73000.1	1e+07	-1e+07	0.00730001	2e+07	1.02113e+07	nan	1.96837e+06	403	435
20060706	30386.6	1e+07	-1e+07	0.00303866	2e+07	9.54536e+06	nan	1.84191e+06	416	461
20060707	33233.1	1e+07	-1e+07	0.00332331	2e+07	9.36111e+06	nan	1.68592e+06	462	451
20060710	67984.9	1e+07	-1e+07	0.00679849	2e+07	1.01522e+07	nan	1.8802e+06	467	502
20060711	23671.5	1e+07	-9.99999e+06	0.00236715	2e+07	9.18189e+06	nan	1.61124e+06	462	505
20060712	26419.3	1e+07	-1e+07	0.00264193	2e+07	8.74788e+06	nan	1.6032e+06	465	507
20060713	50794	1e+07	-1e+07	0.0050794	2e+07	8.44628e+06	nan	1.54961e+06	467	517
20060714	-102945	1e+07	-9.99999e+06	-0.0102945	2e+07	8.13655e+06	nan	1.5518e+06	467	524
20060717	-8656.54	1e+07	-1e+07	-0.000865654	2e+07	7.82811e+06	nan	1.49388e+06	488	511
20060718	40079.8	1e+07	-1e+07	0.00400798	2e+07	7.94617e+06	nan	1.34336e+06	496	492
20060719	7350.25	1e+07	-1e+07	0.000735026	2e+07	7.57911e+06	nan	1.33137e+06	508	477
20060720	19284	1e+07	-1e+07	0.0019284	2e+07	7.45896e+06	nan	1.46818e+06	505	491
20060721	73223.5	1e+07	-1e+07	0.00732235	2e+07	6.82748e+06	nan	1.30277e+06	515	487
20060724	1150.19	1e+07	-1e+07	0.000115019	2e+07	7.58136e+06	nan	1.44054e+06	508	492
20060725	38008.7	1e+07	-1e+07	0.00380087	2e+07	7.6329e+06	nan	1.38095e+06	519	476
20060726	55273.4	1e+07	-1e+07	0.00552734	2e+07	7.59506e+06	nan	1.45857e+06	518	485
20060727	-20163.2	1e+07	-1e+07	-0.00201632	2e+07	8.19869e+06	nan	1.58577e+06	520	490
20060728	-52783.2	1e+07	-9.99999e+06	-0.00527832	2e+07	8.73568e+06	nan	1.66819e+06	522	493
20060731	-100906	1e+07	-1e+07	-0.0100906	2e+07	8.32075e+06	nan	1.64254e+06	513	499
20060801	45963.1	1e+07	-9.99999e+06	0.00459631	2e+07	8.10491e+06	nan	1.52022e+06	481	530
20060802	87239.8	1e+07	-1e+07	0.00872398	2e+07	7.14693e+06	nan	1.50699e+06	504	516
20060803	-35915.9	1e+07	-1e+07	-0.00359158	2e+07	7.24532e+06	nan	1.51739e+06	513	515
20060804	15129.5	1e+07	-1e+07	0.00151295	2e+07	6.86996e+06	nan	1.40034e+06	528	509
20060807	8636.72	9.99999e+06	-9.99999e+06	0.000863672	2e+07	6.36022e+06	nan	1.34397e+06	509	536
20060808	33274.2	1e+07	-1e+07	0.00332742	2e+07	5.98704e+06	nan	1.32211e+06	502	544
20060809	22196.4	1e+07	-1e+07	0.00221964	2e+07	7.09264e+06	nan	1.44643e+06	553	490
20060810	34392.7	1e+07	-1e+07	0.00343927	2e+07	7.25918e+06	nan	1.60707e+06	567	480
20060811	41806.6	1e+07	-1e+07	0.00418066	2e+07	8.58443e+06	nan	1.71442e+06	587	447
20060814	-20324.7	1e+07	-1e+07	-0.00203247	2e+07	8.95672e+06	nan	1.87141e+06	581	454
20060815	3031.54	1e+07	-1e+07	0.000303155	2e+07	8.67655e+06	nan	1.85292e+06	529	499
20060816	64780.2	1e+07	-1e+07	0.00647802	2e+07	9.01144e+06	nan	1.86668e+06	564	469
20060817	25259.7	1e+07	-1e+07	0.00252597	2e+07	8.98338e+06	nan	1.83673e+06	538	493
20060818	57154.3	1e+07	-1e+07	0.00571543	2e+07	9.21718e+06	nan	2.03631e+06	550	495
20060821	-37992.1	1e+07	-1e+07	-0.0037992	2e+07	9.53637e+06	nan	2.08199e+06	541	505
20060822	42759.5	9.99999e+06	-1e+07	0.00427595	2e+07	7.60655e+06	nan	1.53201e+06	541	502
20060823	71278.4	1e+07	-1e+07	0.00712784	2e+07	8.26513e+06	nan	1.74533e+06	523	525
20060824	-13611	1e+07	-1e+07	-0.0013611	2e+07	8.52254e+06	nan	1.84883e+06	534	531
20060825	30120.8	1e+07	-1e+07	0.00301208	2e+07	7.1815e+06	nan	1.49675e+06	535	527
20060828	-2104.39	1e+07	-1e+07	-0.000210439	2e+07	8.4015e+06	nan	1.81389e+06	522	539
20060829	88258.3	1e+07	-1e+07	0.00882583	2e+07	8.50007e+06	nan	1.63767e+06	524	529
20060830	-10037.9	1e+07	-9.99999e+06	-0.00100379	2e+07	9.35374e+06	nan	1.93399e+06	529	530
20060831	58039.9	1e+07	-1e+07	0.005804	2e+07	9.43638e+06	nan	1.9498e+06	531	527
20060901	55852.5	1e+07	-1e+07	0.00558524	2e+07	1.00738e+07	nan	2.09793e+06	510	549
20060904	-25449.3	9.99999e+06	-1e+07	-0.00254493	2e+07	1.07815e+07	nan	2.22873e+06	507	553
20060905	48402.3	1e+07	-1e+07	0.00484024	2e+07	9.7755e+06	nan	1.91675e+06	513	545
20060906	99768.6	1e+07	-1e+07	0.00997685	2e+07	9.42291e+06	nan	1.97724e+06	506	554
20060907	50463.1	1e+07	-1e+07	0.00504631	2e+07	9.37677e+06	nan	1.91835e+06	503	560
20060908	47213.9	1e+07	-1e+07	0.00472139	2e+07	8.74408e+06	nan	1.85092e+06	482	589
20060911	-23835.7	1e+07	-1e+07	-0.00238357	2e+07	7.71124e+06	nan	1.60064e+06	486	577
20060912	37248.7	9.99999e+06	-9.99998e+06	0.00372487	2e+07	7.1792e+06	nan	1.3765e+06	500	564
20060913	44832.6	1e+07	-1e+07	0.00448327	2e+07	7.59247e+06	nan	1.52544e+06	507	556
20060914	-15280.7	1e+07	-1e+07	-0.00152807	2e+07	7.3095e+06	nan	1.48474e+06	501	559
20060915	16598.5	1e+07	-9.99999e+06	0.00165985	2e+07	7.20455e+06	nan	1.50085e+06	517	549
20060918	40310.4	1e+07	-1e+07	0.00403104	2e+07	7.58521e+06	nan	1.46055e+06	514	549
20060919	55158.8	1e+07	-1e+07	0.00551588	2e+07	7.8011e+06	nan	1.46318e+06	517	546
20060920	9205.61	1e+07	-1e+07	0.000920561	2e+07	8.46009e+06	nan	1.69587e+06	523	546
20060921	10261.6	1e+07	-1e+07	0.00102616	2e+07	8.5948e+06	nan	1.73421e+06	527	550
20060922	-292.787	1e+07	-1e+07	-2.92787e-05	2e+07	8.58945e+06	nan	1.66783e+06	514	555
20060925	-48578	9.99998e+06	-9.99999e+06	-0.0048578	2e+07	8.75037e+06	nan	1.7514e+06	504	570
20060926	-45478.6	1e+07	-1e+07	-0.00454786	2e+07	7.86394e+06	nan	1.43861e+06	488	576
20060927	27289.8	1e+07	-1e+07	0.00272898	2e+07	7.49697e+06	nan	1.46536e+06	485	571
20060928	49492.2	1e+07	-1e+07	0.00494922	2e+07	7.65518e+06	nan	1.47974e+06	522	545
20060929	-280.274	1e+07	-1e+07	-2.80274e-05	2e+07	7.73446e+06	nan	1.4971e+06	528	537
20061009	-9397.66	1e+07	-1e+07	-0.000939766	2e+07	9.88935e+06	nan	1.92253e+06	467	488
20061010	-11200.4	1e+07	-1e+07	-0.00112004	2e+07	7.28966e+06	nan	1.43098e+06	486	469
20061011	-1205.97	1e+07	-1e+07	-0.000120597	2e+07	8.06203e+06	nan	1.54805e+06	484	481
20061012	86809.4	1e+07	-1e+07	0.00868093	2e+07	8.51086e+06	nan	1.65288e+06	476	490
20061013	-5391.73	1e+07	-9.99999e+06	-0.000539172	2e+07	9.09143e+06	nan	1.8229e+06	463	508
20061016	-28795.3	1e+07	-1e+07	-0.00287953	2e+07	9.42119e+06	nan	1.87304e+06	458	517
20061017	64745.3	1e+07	-1e+07	0.00647453	2e+07	8.89544e+06	nan	1.78661e+06	469	513
20061018	-19167.5	1e+07	-1e+07	-0.00191675	2e+07	8.54846e+06	nan	1.72569e+06	465	524
20061019	-20438.2	1e+07	-1e+07	-0.00204382	2e+07	8.19316e+06	nan	1.51869e+06	483	511
20061020	46962.4	1e+07	-1e+07	0.00469624	2e+07	7.25412e+06	nan	1.42979e+06	484	514
20061023	13626.4	1e+07	-1e+07	0.00136264	2e+07	7.45547e+06	nan	1.48484e+06	486	518
20061024	-70159.5	9.99999e+06	-1e+07	-0.00701595	2e+07	6.99496e+06	nan	1.40641e+06	459	548
20061025	11050.9	1e+07	-1e+07	0.00110509	2e+07	7.38543e+06	nan	1.3245e+06	501	504
20061026	74317	1e+07	-9.99999e+06	0.0074317	2e+07	6.93865e+06	nan	1.35191e+06	510	500
20061027	-2587.3	1e+07	-1e+07	-0.00025873	2e+07	7.27779e+06	nan	1.42243e+06	528	478
20061030	57381.3	1e+07	-1e+07	0.00573813	2e+07	7.02746e+06	nan	1.40581e+06	514	495
20061031	42142.2	1e+07	-1e+07	0.00421422	2e+07	7.41024e+06	nan	1.42844e+06	542	464
20061101	39404.4	9.99999e+06	-9.99999e+06	0.00394044	2e+07	7.43262e+06	nan	1.45023e+06	534	474
20061102	-27939.1	1e+07	-1e+07	-0.00279391	2e+07	7.446e+06	nan	1.48984e+06	545	467
20061103	59676.9	1e+07	-1e+07	0.00596769	2e+07	6.96103e+06	nan	1.39915e+06	546	472
20061106	-84967.2	1e+07	-9.99999e+06	-0.00849672	2e+07	7.6536e+06	nan	1.54613e+06	537	480
20061107	-12096.9	1e+07	-1e+07	-0.00120969	2e+07	7.1623e+06	nan	1.43632e+06	535	487
20061108	103413	1e+07	-1e+07	0.0103413	2e+07	7.60367e+06	nan	1.56573e+06	524	503
20061109	-2716.17	1e+07	-1e+07	-0.000271617	2e+07	8.39074e+06	nan	1.72565e+06	529	499
20061110	-14065.5	1e+07	-1e+07	-0.00140655	2e+07	7.64629e+06	nan	1.46262e+06	550	475
20061113	-35787.4	1e+07	-1e+07	-0.00357874	2e+07	8.45941e+06	nan	1.73369e+06	530	496
20061114	27755.6	1e+07	-1e+07	0.00277556	2e+07	7.88876e+06	nan	1.60761e+06	511	508
20061115	-19321.2	1e+07	-1e+07	-0.00193212	2e+07	7.35239e+06	nan	1.43265e+06	530	482
20061116	6332.9	9.99999e+06	-1e+07	0.00063329	2e+07	7.29359e+06	nan	1.39367e+06	543	464
20061117	-37629.7	1e+07	-1e+07	-0.00376298	2e+07	8.11518e+06	nan	1.60683e+06	533	462
20061120	-11006.9	1e+07	-1e+07	-0.00110069	2e+07	7.85319e+06	nan	1.54223e+06	550	441
20061121	42520.2	1e+07	-1e+07	0.00425202	2e+07	7.78674e+06	nan	1.59212e+06	537	453
20061122	103252	9.99999e+06	-1e+07	0.0103252	2e+07	8.13629e+06	nan	1.69905e+06	539	459
20061123	18907.5	1e+07	-1e+07	0.00189075	2e+07	8.82309e+06	nan	1.74612e+06	550	455
20061124	32620.6	1e+07	-1e+07	0.00326206	2e+07	8.80482e+06	nan	1.78339e+06	548	472
20061127	12014	1e+07	-1e+07	0.0012014	2e+07	9.0832e+06	nan	1.70852e+06	550	477
20061128	57211.4	1e+07	-1e+07	0.00572114	2e+07	8.51299e+06	nan	1.6063e+06	554	483
20061129	21542.6	1e+07	-1e+07	0.00215426	2e+07	9.20876e+06	nan	1.80355e+06	543	491
20061130	-16560.5	1e+07	-9.99999e+06	-0.00165605	2e+07	8.66185e+06	nan	1.6769e+06	532	504
20061201	11745.7	1e+07	-1e+07	0.00117457	2e+07	8.5863e+06	nan	1.64504e+06	537	503
20061204	-11891.1	1e+07	-1e+07	-0.00118911	2e+07	9.03227e+06	nan	1.87333e+06	538	510
20061205	58985.9	1e+07	-1e+07	0.00589859	2e+07	9.01222e+06	nan	1.67246e+06	534	515
20061206	27424.2	1e+07	-1e+07	0.00274241	2e+07	9.98691e+06	nan	1.89493e+06	556	496
20061207	-4158.7	1e+07	-1e+07	-0.00041587	2e+07	9.82242e+06	nan	1.93469e+06	544	506
20061208	114134	1e+07	-1e+07	0.0114134	2e+07	1.0334e+07	nan	2.02035e+06	517	539
20061211	-62849	1e+07	-1e+07	-0.0062849	2e+07	9.43588e+06	nan	1.87324e+06	480	564
20061212	32514	1e+07	-1e+07	0.0032514	2e+07	7.91279e+06	nan	1.43651e+06	509	532
20061213	61844.2	1e+07	-9.99999e+06	0.00618443	2e+07	7.93675e+06	nan	1.50151e+06	512	528
20061214	63603.7	1e+07	-1e+07	0.00636038	2e+07	7.00981e+06	nan	1.35639e+06	505	544
20061215	18275.3	1e+07	-1e+07	0.00182752	2e+07	7.09936e+06	nan	1.319e+06	505	545
20061218	29603.7	1e+07	-1e+07	0.00296037	2e+07	7.17945e+06	nan	1.28401e+06	521	534
20061219	14916.3	9.99999e+06	-1e+07	0.00149163	2e+07	7.66711e+06	nan	1.42426e+06	525	527
20061220	79000.1	1e+07	-1e+07	0.00790002	2e+07	7.82724e+06	nan	1.47447e+06	533	523
20061221	126923	1e+07	-1e+07	0.0126923	2e+07	8.68001e+06	nan	1.53935e+06	556	495
20061222	84420.2	1e+07	-1e+07	0.00844202	2e+07	9.2335e+06	nan	1.75399e+06	537	509
20061225	-14973.9	1e+07	-1e+07	-0.00149739	2e+07	1.06789e+07	nan	1.99747e+06	515	531
20061226	15312.5	1e+07	-1e+07	0.00153125	2e+07	1.01149e+07	nan	1.80142e+06	494	545
20061227	11930.1	1e+07	-1e+07	0.00119301	2e+07	8.19576e+06	nan	1.55583e+06	478	558
20061228	-15332.1	1e+07	-1e+07	-0.00153321	2e+07	7.71692e+06	nan	1.462e+06	482	556
20061229	35045.9	9.99999e+06	-9.99999e+06	0.00350459	2e+07	7.22883e+06	nan	1.27606e+06	464	556
20070104	37873.8	1e+07	-1e+07	0.00378739	2e+07	6.667e+06	nan	1.20246e+06	489	528
20070105	87051.8	1e+07	-1e+07	0.00870518	2e+07	6.6699e+06	nan	1.22593e+06	475	549
20070108	74074.6	1e+07	-1e+07	0.00740746	2e+07	7.07066e+06	nan	1.14908e+06	496	523
20070109	-10264.9	1e+07	-1e+07	-0.00102649	2e+07	8.13952e+06	nan	1.37056e+06	509	511
20070110	36062.5	1e+07	-9.99999e+06	0.00360624	2e+07	8.9528e+06	nan	1.57111e+06	534	511
20070111	124227	1e+07	-1e+07	0.0124227	2e+07	9.59358e+06	nan	1.59624e+06	544	517
20070112	69786.7	1e+07	-1e+07	0.00697867	2e+07	9.60126e+06	nan	1.66333e+06	543	533
20070115	-43601.1	9.99999e+06	-1e+07	-0.00436011	2e+07	1.10964e+07	nan	1.90048e+06	552	533
20070116	47909.2	1e+07	-1e+07	0.00479093	2e+07	1.05419e+07	nan	1.60397e+06	541	538
20070117	46765.6	1e+07	-1e+07	0.00467656	2e+07	9.3388e+06	nan	1.53843e+06	536	546
20070118	13589.9	1e+07	-9.99999e+06	0.00135899	2e+07	9.37336e+06	nan	1.57143e+06	562	521
20070119	106162	1e+07	-1e+07	0.0106162	2e+07	8.40606e+06	nan	1.32203e+06	568	515
20070122	44363.3	1e+07	-1e+07	0.00443633	2e+07	8.72131e+06	nan	1.35308e+06	569	520
20070123	-10350.3	9.99999e+06	-1e+07	-0.00103503	2e+07	8.04849e+06	nan	1.09125e+06	586	506
20070124	13363.7	9.99999e+06	-9.99999e+06	0.00133637	2e+07	7.62152e+06	nan	1.06677e+06	579	514
20070125	104115	1e+07	-1e+07	0.0104115	2e+07	8.37979e+06	nan	1.294e+06	574	527
20070126	-4842.57	1e+07	-1e+07	-0.000484257	2e+07	9.25629e+06	nan	1.39865e+06	552	540
20070129	-62566.2	1e+07	-1e+07	-0.00625663	2e+07	7.15239e+06	nan	997411	569	529
20070130	-6908.97	1e+07	-1e+07	-0.000690896	2e+07	6.30946e+06	nan	837461	546	552
20070131	22698	9.99999e+06	-9.99999e+06	0.0022698	2e+07	7.91422e+06	nan	1.19105e+06	548	551
20070201	-8101.52	1e+07	-1e+07	-0.000810153	2e+07	8.16583e+06	nan	1.23681e+06	527	570
20070202	31094.2	1e+07	-9.99999e+06	0.00310942	2e+07	6.20892e+06	nan	890612	525	583
20070205	73047.6	1e+07	-1e+07	0.00730477	2e+07	7.45081e+06	nan	1.12506e+06	532	576
20070206	40838.8	1e+07	-1e+07	0.00408387	2e+07	7.20245e+06	nan	1.04504e+06	533	571
20070207	-51447.3	1e+07	-1e+07	-0.00514472	2e+07	7.0709e+06	nan	981556	559	543
20070208	26529.4	1e+07	-1e+07	0.00265294	2e+07	7.28094e+06	nan	1.06422e+06	572	535
20070209	43708.9	1e+07	-1e+07	0.00437089	2e+07	7.58653e+06	nan	1.05489e+06	563	537
20070212	38793.5	1e+07	-1e+07	0.00387935	2e+07	8.26939e+06	nan	1.20838e+06	564	532
20070213	34864	1e+07	-1e+07	0.00348639	2e+07	8.74998e+06	nan	1.18119e+06	585	510
20070214	-16683.4	1e+07	-1e+07	-0.00166834	2e+07	8.86017e+06	nan	1.22554e+06	588	507
20070215	-13980.4	9.99999e+06	-9.99999e+06	-0.00139804	2e+07	8.79337e+06	nan	1.20556e+06	597	502
20070216	29499.1	1e+07	-9.99999e+06	0.00294991	2e+07	7.82319e+06	nan	1.00208e+06	592	510
20070226	-244852	1e+07	-1e+07	-0.0244852	2e+07	8.87149e+06	nan	1.22227e+06	603	512
20070227	-31986.2	1e+07	-1e+07	-0.00319862	2e+07	7.2588e+06	nan	818884	601	526
20070228	-321561	9.99999e+06	-9.99999e+06	-0.0321561	2e+07	9.29685e+06	nan	1.15994e+06	528	599
20070301	-160318	1e+07	-1e+07	-0.0160319	2e+07	8.17362e+06	nan	930258	522	593
20070302	114133	1e+07	-1e+07	0.0114133	2e+07	8.86253e+06	nan	1.18863e+06	532	583
20070305	137223	1e+07	-1e+07	0.0137223	2e+07	8.59161e+06	nan	1.12502e+06	522	581
20070306	149355	1e+07	-1e+07	0.0149355	2e+07	7.63094e+06	nan	933733	498	593
20070307	76133.3	1e+07	-1e+07	0.00761333	2e+07	7.64458e+06	nan	937441	517	559
20070308	7035.69	1e+07	-1e+07	0.000703569	2e+07	6.6799e+06	nan	813898	530	565
20070309	-34259.6	1e+07	-1e+07	-0.00342595	2e+07	5.89788e+06	nan	677864	532	558
20070312	-141304	1e+07	-9.99999e+06	-0.0141304	2e+07	6.867e+06	nan	835356	551	544
20070313	3344.12	1e+07	-1e+07	0.000334412	2e+07	6.46273e+06	nan	710802	575	524
20070314	-105045	1e+07	-9.99999e+06	-0.0105045	2e+07	7.46338e+06	nan	900532	570	548
20070315	14548.6	1e+07	-1e+07	0.00145486	2e+07	7.19811e+06	nan	836120	597	526
20070316	186607	1e+07	-1e+07	0.0186606	2e+07	7.69892e+06	nan	936236	572	562
20070319	-57644.8	1e+07	-1e+07	-0.00576449	2e+07	8.72373e+06	nan	996945	558	578
20070320	-58456.1	1e+07	-1e+07	-0.0058456	2e+07	6.99795e+06	nan	733870	567	563
20070321	5910.5	1e+07	-1e+07	0.000591049	2e+07	6.97135e+06	nan	709050	561	557
20070322	37179.4	1e+07	-9.99999e+06	0.00371794	2e+07	6.47811e+06	nan	691919	546	568
20070323	-89061.9	1e+07	-1e+07	-0.00890619	2e+07	7.78454e+06	nan	884942	510	605
20070326	-22816.5	1e+07	-1e+07	-0.00228165	2e+07	6.87305e+06	nan	698063	522	592
20070327	-551.014	1e+07	-1e+07	-5.51014e-05	2e+07	7.6313e+06	nan	725485	532	568
20070328	55903.7	1e+07	-9.99999e+06	0.00559038	2e+07	7.50066e+06	nan	768371	560	556
20070329	254216	1e+07	-1e+07	0.0254216	2e+07	7.79365e+06	nan	752076	564	549
20070330	-53791.7	1e+07	-1e+07	-0.00537916	2e+07	8.52102e+06	nan	903679	535	575
20070402	-14630.7	1e+07	-1e+07	-0.00146307	2e+07	7.66398e+06	nan	753354	550	564
20070403	38887	1e+07	-1e+07	0.0038887	2e+07	6.81065e+06	nan	623874	566	559
20070404	56948	1e+07	-1e+07	0.0056948	2e+07	7.30604e+06	nan	740999	566	553
20070405	1277.37	1e+07	-1e+07	0.000127737	2e+07	7.7635e+06	nan	797844	553	573
20070406	-8216.39	1e+07	-1e+07	-0.000821639	2e+07	7.10281e+06	nan	677237	559	575
20070409	-12006.5	1e+07	-1e+07	-0.00120065	2e+07	7.54625e+06	nan	711280	564	555
20070410	-58901	9.99999e+06	-9.99999e+06	-0.00589009	2e+07	8.24373e+06	nan	780244	571	537
20070411	-6861.33	1e+07	-1e+07	-0.000686133	2e+07	7.77214e+06	nan	713763	569	535
20070412	11027.1	1e+07	-1e+07	0.00110271	2e+07	8.09789e+06	nan	753119	572	530
20070413	85190.3	1e+07	-1e+07	0.00851901	2e+07	8.30945e+06	nan	730347	577	509
20070416	-25501.2	9.99999e+06	-9.99999e+06	-0.00255012	2e+07	9.49786e+06	nan	881944	564	534
20070417	-48011.6	1e+07	-1e+07	-0.00480117	2e+07	9.27224e+06	nan	757923	551	544
20070418	18363.1	9.99999e+06	-9.99999e+06	0.00183631	2e+07	7.70668e+06	nan	639844	547	541
20070419	78262.3	9.99999e+06	-9.99999e+06	0.00782624	2e+07	8.15935e+06	nan	635223	546	515
20070420	-63356	1e+07	-1e+07	-0.00633561	2e+07	9.80741e+06	nan	842446	510	545
20070423	-79056	1e+07	-1e+07	-0.0079056	2e+07	7.74897e+06	nan	551736	502	531
20070424	-10552	1e+07	-1e+07	-0.0010552	2e+07	7.34068e+06	nan	537402	521	512
20070425	12764.3	1e+07	-1e+07	0.00127643	2e+07	8.24388e+06	nan	648467	517	505
20070426	15489.8	1e+07	-1e+07	0.00154898	2e+07	8.28938e+06	nan	627720	507	515
20070427	-112848	1e+07	-1e+07	-0.0112848	2e+07	8.65274e+06	nan	627125	480	514
20070430	-83449.8	1e+07	-1e+07	-0.00834498	2e+07	8.3556e+06	nan	641402	479	519
20070508	-45401.6	1e+07	-1e+07	-0.00454016	2e+07	7.81371e+06	nan	547826	479	497
20070509	983.168	1e+07	-1e+07	9.83168e-05	2e+07	7.57564e+06	nan	533879	503	465
20070510	146804	1e+07	-1e+07	0.0146804	2e+07	7.31399e+06	nan	507471	518	464
20070511	4820.22	1e+07	-1e+07	0.000482022	2e+07	8.50899e+06	nan	543603	511	473
20070514	7373.33	1e+07	-1e+07	0.000737332	2e+07	8.917e+06	nan	581329	489	478
20070515	213542	1e+07	-1e+07	0.0213542	2e+07	8.32384e+06	nan	584362	495	476
20070516	42620.1	1e+07	-1e+07	0.00426201	2e+07	9.54221e+06	nan	630903	478	467
20070517	31017.4	1e+07	-1e+07	0.00310174	2e+07	8.19856e+06	nan	521410	474	460
20070518	-3952.61	1e+07	-1e+07	-0.000395261	2e+07	8.57868e+06	nan	584312	499	465
20070521	-71326.4	1e+07	-1e+07	-0.00713263	2e+07	9.56398e+06	nan	591614	483	451
20070522	79940	1e+07	-1e+07	0.007994	2e+07	7.54822e+06	nan	472679	491	445
20070523	-22772.7	1e+07	-1e+07	-0.00227727	2e+07	9.03329e+06	nan	598384	512	448
20070524	22771	1e+07	-1e+07	0.0022771	2e+07	9.00182e+06	nan	548829	512	464
20070525	125564	9.99999e+06	-1e+07	0.0125564	2e+07	9.13793e+06	nan	610297	526	456
20070528	94826	1e+07	-1e+07	0.0094826	2e+07	1.09385e+07	nan	658348	539	493
20070529	53297.8	9.99999e+06	-1e+07	0.00532978	2e+07	1.02388e+07	nan	660734	532	499
20070530	-41644.3	1e+07	-9.99999e+06	-0.00416443	2e+07	9.75625e+06	nan	611318	525	514
20070531	-78815.9	9.99999e+06	-1e+07	-0.0078816	2e+07	1.06327e+07	nan	688718	494	546
20070601	-93413	1e+07	-1e+07	-0.00934131	2e+07	7.8822e+06	nan	585283	493	549
20070604	-31896.3	1e+07	-1e+07	-0.00318963	2e+07	7.99645e+06	nan	605073	518	551
20070605	65077.1	1e+07	-1e+07	0.0065077	2e+07	6.56267e+06	nan	555076	525	555
20070606	-105424	1e+07	-1e+07	-0.0105424	2e+07	7.49599e+06	nan	651096	528	547
20070607	115392	1e+07	-1e+07	0.0115392	2e+07	7.62154e+06	nan	652415	549	561
20070608	-25111.9	9.99999e+06	-9.99999e+06	-0.00251119	2e+07	7.96168e+06	nan	624634	550	573
20070611	-36548.5	9.99998e+06	-9.99998e+06	-0.00365485	2e+07	7.72044e+06	nan	636670	553	562
20070612	-54052.6	1e+07	-9.99999e+06	-0.00540527	2e+07	7.69595e+06	nan	620483	580	537
20070613	283027	1e+07	-9.99999e+06	0.0283028	2e+07	8.28725e+06	nan	618723	589	527
20070614	-44091.2	1e+07	-1e+07	-0.00440913	2e+07	9.4995e+06	nan	698103	577	539
20070615	-25089.4	1e+07	-9.99999e+06	-0.00250894	2e+07	9.56115e+06	nan	767406	590	532
20070618	70285.5	1e+07	-1e+07	0.00702855	2e+07	1.05532e+07	nan	783183	594	516
20070619	2542.87	1e+07	-1e+07	0.000254287	2e+07	1.05231e+07	nan	759107	573	524
20070620	15100.4	1e+07	-1e+07	0.00151004	2e+07	9.63895e+06	nan	683128	566	540
20070621	41880.1	1e+07	-9.99999e+06	0.00418801	2e+07	9.48831e+06	nan	692830	515	595
20070622	-37120.3	1e+07	-1e+07	-0.00371203	2e+07	8.18737e+06	nan	637613	492	611
20070625	-72283.9	1e+07	-9.99999e+06	-0.00722839	2e+07	6.84258e+06	nan	523977	494	630
20070626	76362	1e+07	-1e+07	0.0076362	2e+07	5.79419e+06	nan	444501	508	614
20070627	-53194.5	9.99999e+06	-9.99999e+06	-0.00531945	2e+07	6.96059e+06	nan	521503	510	593
20070628	-31566.7	9.99999e+06	-1e+07	-0.00315668	2e+07	7.56522e+06	nan	595653	549	556
20070629	33198.8	1e+07	-9.99999e+06	0.00331989	2e+07	7.36616e+06	nan	551684	556	529
20070702	162002	1e+07	-1e+07	0.0162002	2e+07	7.69261e+06	nan	666127	548	509
20070703	1975.29	1e+07	-1e+07	0.000197529	2e+07	8.42934e+06	nan	715804	560	499
20070704	-5612.39	1e+07	-1e+07	-0.000561239	2e+07	8.57523e+06	nan	770281	572	512
20070705	6391.84	1e+07	-1e+07	0.000639185	2e+07	8.35667e+06	nan	745506	579	507
20070706	64477.5	1e+07	-9.99999e+06	0.00644775	2e+07	9.11273e+06	nan	861754	561	551
20070709	18422.3	1e+07	-1e+07	0.00184223	2e+07	1.03231e+07	nan	939651	601	550
20070710	-51995.6	1e+07	-1e+07	-0.00519956	2e+07	1.02007e+07	nan	904908	620	540
20070711	19632.7	1e+07	-1e+07	0.00196327	2e+07	9.79625e+06	nan	921213	631	526
20070712	76556	9.99999e+06	-1e+07	0.0076556	2e+07	9.35218e+06	nan	849178	629	531
20070713	5855.76	1e+07	-1e+07	0.000585577	2e+07	9.62224e+06	nan	900906	620	536
20070716	-1639.41	1e+07	-1e+07	-0.000163941	2e+07	9.0257e+06	nan	851762	618	540
20070717	9685.87	1e+07	-1e+07	0.000968586	2e+07	8.75066e+06	nan	806076	590	563
20070718	60400.2	1e+07	-1e+07	0.00604002	2e+07	8.05198e+06	nan	736240	604	551
20070719	41394.3	9.99999e+06	-9.99999e+06	0.00413943	2e+07	8.49475e+06	nan	784338	592	556
20070720	63706	9.99999e+06	-1e+07	0.00637061	2e+07	8.25183e+06	nan	760219	590	563
20070723	88056.6	9.99999e+06	-9.99999e+06	0.00880566	2e+07	7.59559e+06	nan	648569	596	557
20070724	18274.6	1e+07	-1e+07	0.00182746	2e+07	8.36876e+06	nan	681770	605	554
20070725	10586.2	9.99999e+06	-1e+07	0.00105862	2e+07	9.38906e+06	nan	815263	584	576
20070726	40653.8	9.99999e+06	-9.99999e+06	0.00406538	2e+07	9.8704e+06	nan	788440	589	574
20070727	28066.4	1e+07	-1e+07	0.00280664	2e+07	9.80525e+06	nan	796942	590	580
20070730	10031.7	1e+07	-1e+07	0.00100317	2e+07	8.59077e+06	nan	644416	585	574
20070731	110628	1e+07	-1e+07	0.0110627	2e+07	8.70328e+06	nan	664142	594	557
20070801	176963	1e+07	-1e+07	0.0176963	2e+07	8.29324e+06	nan	624059	593	554
20070802	7703.8	1e+07	-1e+07	0.00077038	2e+07	9.34857e+06	nan	753847	569	581
20070803	121360	1e+07	-1e+07	0.012136	2e+07	8.30606e+06	nan	610434	595	548
20070806	-4801.21	1e+07	-1e+07	-0.000480121	2e+07	9.94396e+06	nan	789949	597	548
20070807	83418.6	1e+07	-1e+07	0.00834186	2e+07	8.67273e+06	nan	642051	587	559
20070808	73809.7	1e+07	-9.99999e+06	0.00738097	2e+07	9.30209e+06	nan	746954	577	568
20070809	28610.8	9.99999e+06	-1e+07	0.00286108	2e+07	9.08376e+06	nan	690866	552	588
20070810	13733.2	1e+07	-9.99999e+06	0.00137332	2e+07	8.2377e+06	nan	661328	542	595
20070813	158366	1e+07	-1e+07	0.0158366	2e+07	7.6167e+06	nan	600726	539	601
20070814	107736	1e+07	-1e+07	0.0107736	2e+07	7.95878e+06	nan	620705	530	609
20070815	-26204.5	1e+07	-1e+07	-0.00262045	2e+07	8.06139e+06	nan	611798	558	580
20070816	92543.3	1e+07	-1e+07	0.00925433	2e+07	7.6728e+06	nan	604812	563	572
20070817	104529	1e+07	-1e+07	0.0104529	2e+07	7.98368e+06	nan	586224	559	577
20070820	-39633.3	9.99999e+06	-1e+07	-0.00396333	2e+07	8.08635e+06	nan	641245	564	579
20070821	-22503.5	9.99999e+06	-9.99999e+06	-0.00225035	2e+07	8.21932e+06	nan	612669	568	573
20070822	-1534.92	1e+07	-1e+07	-0.000153492	2e+07	8.61854e+06	nan	660813	582	559
20070823	45528.6	1e+07	-1e+07	0.00455286	2e+07	8.77799e+06	nan	633020	602	541
20070824	-18282	9.99999e+06	-1e+07	-0.0018282	2e+07	9.24094e+06	nan	711604	580	563
20070827	-32151.9	1e+07	-1e+07	-0.00321519	2e+07	9.41759e+06	nan	714759	560	579
20070828	-19139.3	1e+07	-1e+07	-0.00191393	2e+07	9.17052e+06	nan	687531	535	593
20070829	45115.3	1e+07	-1e+07	0.00451153	2e+07	8.89293e+06	nan	636451	514	604
20070830	-16730.8	1e+07	-1e+07	-0.00167308	2e+07	8.40681e+06	nan	629528	525	596
20070831	28845.1	1e+07	-1e+07	0.00288451	2e+07	7.97166e+06	nan	548634	529	593
20070903	25234.1	1e+07	-1e+07	0.00252341	2e+07	7.7902e+06	nan	605420	537	588
20070904	111679	1e+07	-9.99999e+06	0.0111679	2e+07	8.26949e+06	nan	545171	521	607
20070905	-41999.7	9.99999e+06	-9.99999e+06	-0.00419997	2e+07	8.55824e+06	nan	616691	502	632
20070906	21669.2	9.99999e+06	-9.99999e+06	0.00216692	2e+07	8.31501e+06	nan	565803	515	612
20070907	11995.3	1e+07	-1e+07	0.00119953	2e+07	8.76731e+06	nan	609597	512	615
20070910	-71961.9	1e+07	-1e+07	-0.00719619	2e+07	8.23158e+06	nan	558126	519	597
20070911	82993.2	1e+07	-1e+07	0.00829933	2e+07	8.18513e+06	nan	513090	559	561
20070912	39210.5	1e+07	-1e+07	0.00392105	2e+07	8.28092e+06	nan	556566	535	577
20070913	-5052.5	1e+07	-1e+07	-0.00050525	2e+07	7.77599e+06	nan	532107	550	559
20070914	-51289.8	1e+07	-1e+07	-0.00512898	2e+07	7.22896e+06	nan	486921	549	566
20070917	-41887.8	1e+07	-1e+07	-0.00418878	2e+07	6.97259e+06	nan	450770	539	580
20070918	26600.5	1e+07	-1e+07	0.00266005	2e+07	7.19908e+06	nan	441993	546	573
20070919	35554.8	9.99999e+06	-9.99999e+06	0.00355548	2e+07	7.13508e+06	nan	464335	539	578
20070920	-42785	1e+07	-9.99999e+06	-0.00427851	2e+07	7.61474e+06	nan	519805	556	574
20070921	8217.19	1e+07	-1e+07	0.000821719	2e+07	7.43905e+06	nan	501903	558	576
20070924	16751.2	1e+07	-1e+07	0.00167512	2e+07	8.03084e+06	nan	527820	566	575
20070925	168323	1e+07	-9.99999e+06	0.0168323	2e+07	8.41633e+06	nan	557898	582	568
20070926	73032.6	1e+07	-1e+07	0.00730326	2e+07	8.49568e+06	nan	580308	587	572
20070927	-26937.7	1e+07	-1e+07	-0.00269377	2e+07	8.21326e+06	nan	569577	566	585
20070928	20991.1	1e+07	-1e+07	0.00209911	2e+07	6.97688e+06	nan	474537	569	577
20071008	44540.8	1e+07	-9.99998e+06	0.00445407	2e+07	7.47775e+06	nan	499971	577	567
20071009	-22589.5	9.99999e+06	-9.99998e+06	-0.00225896	2e+07	7.03696e+06	nan	477173	552	595
20071010	69921	1e+07	-1e+07	0.00699211	2e+07	7.76202e+06	nan	505875	553	591
20071011	-39140	1e+07	-1e+07	-0.003914	2e+07	7.7434e+06	nan	513950	553	596
20071012	-101428	1e+07	-1e+07	-0.0101427	2e+07	7.50514e+06	nan	508116	549	604
20071015	21724.5	1e+07	-9.99999e+06	0.00217245	2e+07	7.66222e+06	nan	541304	545	607
20071016	93709.6	1e+07	-9.99999e+06	0.00937097	2e+07	8.29226e+06	nan	547561	562	589
20071017	-53834.1	1e+07	-1e+07	-0.00538341	2e+07	8.40113e+06	nan	573148	577	567
20071018	833.725	1e+07	-1e+07	8.33724e-05	2e+07	7.42554e+06	nan	518380	576	572
20071019	48619.3	9.99999e+06	-9.99999e+06	0.00486193	2e+07	6.9684e+06	nan	488996	574	586
20071022	34200.6	1e+07	-1e+07	0.00342006	2e+07	6.64403e+06	nan	482819	584	590
20071023	67282.9	9.99999e+06	-9.99999e+06	0.00672829	2e+07	6.60514e+06	nan	488785	575	608
20071024	-96859.3	1e+07	-1e+07	-0.00968594	2e+07	7.19502e+06	nan	532668	599	594
20071025	-96554.5	1e+07	-1e+07	-0.00965545	2e+07	6.24953e+06	nan	450549	588	606
20071026	117289	9.99999e+06	-1e+07	0.0117289	2e+07	6.55025e+06	nan	489504	589	596
20071029	69967.9	1e+07	-1e+07	0.00699679	2e+07	7.50709e+06	nan	587777	594	578
20071030	50485.3	1e+07	-1e+07	0.00504853	2e+07	8.17618e+06	nan	637304	615	546
20071031	81445.3	1e+07	-1e+07	0.00814452	2e+07	8.92417e+06	nan	667035	645	508
20071101	-120238	1e+07	-1e+07	-0.0120238	2e+07	1.00398e+07	nan	712425	664	484
20071102	-82368.9	1e+07	-1e+07	-0.00823689	2e+07	8.54777e+06	nan	654524	655	501
20071105	108782	1e+07	-1e+07	0.0108782	2e+07	9.0438e+06	nan	730843	639	527
20071106	67677.1	9.99999e+06	-1e+07	0.00676771	2e+07	9.66623e+06	nan	714533	640	532
20071107	447.261	1e+07	-1e+07	4.47261e-05	2e+07	9.09923e+06	nan	717849	632	552
20071108	-12842	1e+07	-1e+07	-0.0012842	2e+07	8.68326e+06	nan	679389	634	547
20071109	13827.2	9.99999e+06	-9.99998e+06	0.00138272	2e+07	8.42776e+06	nan	648563	634	538
20071112	-55067.9	1e+07	-1e+07	-0.0055068	2e+07	7.51468e+06	nan	597627	623	545
20071113	31943.1	9.99998e+06	-9.99999e+06	0.00319431	2e+07	7.23235e+06	nan	550136	593	556
20071114	143764	1e+07	-1e+07	0.0143764	2e+07	6.40594e+06	nan	540534	600	546
20071115	-28251.7	9.99999e+06	-1e+07	-0.00282517	2e+07	7.58105e+06	nan	596694	608	546
20071116	-7491.02	1e+07	-1e+07	-0.000749103	2e+07	7.34919e+06	nan	568647	596	553
20071119	69698.4	1e+07	-1e+07	0.00696984	2e+07	8.35371e+06	nan	621135	597	539
20071120	138922	1e+07	-9.99999e+06	0.0138922	2e+07	7.61426e+06	nan	585410	595	540
20071121	-10917.3	1e+07	-1e+07	-0.00109173	2e+07	8.43713e+06	nan	671312	593	545
20071122	729.458	1e+07	-1e+07	7.29457e-05	2e+07	8.30263e+06	nan	659745	588	554
20071123	-44576.8	1e+07	-1e+07	-0.00445768	2e+07	9.39118e+06	nan	743538	589	566
20071126	-43842.8	1e+07	-1e+07	-0.00438428	2e+07	9.32871e+06	nan	669368	616	553
20071127	-27398.5	9.99999e+06	-1e+07	-0.00273984	2e+07	8.66073e+06	nan	679948	607	567
20071128	-60694.7	1e+07	-9.99999e+06	-0.00606947	2e+07	7.69148e+06	nan	625469	594	595
20071129	75761.4	1e+07	-1e+07	0.00757614	2e+07	6.62779e+06	nan	532908	595	594
20071130	-37563.1	1e+07	-1e+07	-0.0037563	2e+07	7.40824e+06	nan	546817	602	576
20071203	35632.6	1e+07	-1e+07	0.00356326	2e+07	7.31545e+06	nan	576525	625	558
20071204	51739.4	1e+07	-1e+07	0.00517393	2e+07	7.54615e+06	nan	592392	635	547
20071205	77511.1	1e+07	-1e+07	0.00775111	2e+07	7.35668e+06	nan	600479	609	573
20071206	-26161	1e+07	-1e+07	-0.0026161	2e+07	8.48303e+06	nan	628067	603	576
20071207	54229.3	1e+07	-1e+07	0.00542293	2e+07	8.80454e+06	nan	684612	603	583
20071210	14390.6	9.99999e+06	-9.99999e+06	0.00143906	2e+07	9.99134e+06	nan	732884	608	592
20071211	66979.6	1e+07	-1e+07	0.00669796	2e+07	9.72029e+06	nan	655488	617	574
20071212	13708.8	1e+07	-1e+07	0.00137088	2e+07	8.67632e+06	nan	649024	627	561
20071213	50107.6	9.99999e+06	-9.99999e+06	0.00501076	2e+07	8.46692e+06	nan	635796	625	562
20071214	-85703.6	1e+07	-1e+07	-0.00857037	2e+07	1.00997e+07	nan	704140	605	580
20071217	-88688.3	1e+07	-1e+07	-0.00886882	2e+07	9.09308e+06	nan	628340	594	581
20071218	14297.7	1e+07	-1e+07	0.00142977	2e+07	9.1036e+06	nan	642807	585	582
20071219	42589.3	9.99999e+06	-1e+07	0.00425893	2e+07	9.85196e+06	nan	755698	562	591
20071220	90051.8	1e+07	-1e+07	0.00900518	2e+07	9.28773e+06	nan	682494	562	590
20071221	49219.5	1e+07	-1e+07	0.00492195	2e+07	9.83986e+06	nan	740989	551	591
20071224	77862.9	1e+07	-1e+07	0.00778629	2e+07	9.00298e+06	nan	618062	550	596
20071225	-24201.7	1e+07	-1e+07	-0.00242017	2e+07	1.03823e+07	nan	739285	555	592
20071226	12897.9	9.99999e+06	-1e+07	0.00128979	2e+07	9.09369e+06	nan	653883	570	590
20071227	94218.8	1e+07	-1e+07	0.00942189	2e+07	9.50941e+06	nan	626168	588	570
20071228	23061.2	9.99999e+06	-9.99999e+06	0.00230612	2e+07	1.05414e+07	nan	715276	605	554
20080102	-13740	1e+07	-1e+07	-0.001374	2e+07	1.14335e+07	nan	772834	589	555
20080103	94753.8	1e+07	-1e+07	0.00947538	2e+07	1.04526e+07	nan	649463	597	540
20080104	33758	1e+07	-1e+07	0.0033758	2e+07	1.0611e+07	nan	707471	602	535
20080107	-7886.11	9.99999e+06	-1e+07	-0.000788611	2e+07	1.1478e+07	nan	749132	597	551
20080108	44575.5	1e+07	-1e+07	0.00445755	2e+07	9.73882e+06	nan	598160	588	569
20080109	-64155.6	1e+07	-1e+07	-0.00641556	2e+07	1.06747e+07	nan	676923	544	626
20080110	64980.6	1e+07	-1e+07	0.00649806	2e+07	8.76841e+06	nan	502634	598	606
20080111	76518.2	1e+07	-1e+07	0.00765181	2e+07	9.21503e+06	nan	613476	583	624
20080114	6136.5	9.99999e+06	-1e+07	0.00061365	2e+07	8.76995e+06	nan	534127	568	635
20080115	68851	9.99999e+06	-9.99999e+06	0.00688511	2e+07	8.02381e+06	nan	488026	562	640
20080116	59959.4	1e+07	-1e+07	0.00599595	2e+07	7.79026e+06	nan	493291	568	644
20080117	-11141.2	1e+07	-1e+07	-0.00111412	2e+07	7.91563e+06	nan	495118	563	636
20080118	18680	1e+07	-1e+07	0.001868	2e+07	7.44713e+06	nan	489038	562	642
20080121	-1184.35	1e+07	-9.99999e+06	-0.000118435	2e+07	7.84116e+06	nan	493703	560	631
20080122	33940.8	1e+07	-9.99999e+06	0.00339408	2e+07	7.64233e+06	nan	478261	547	639
20080123	-18410.7	1e+07	-1e+07	-0.00184107	2e+07	6.54402e+06	nan	452594	539	654
20080124	-76470.6	1e+07	-1e+07	-0.00764706	2e+07	7.0816e+06	nan	474521	578	623
20080125	109580	1e+07	-9.99999e+06	0.010958	2e+07	7.18773e+06	nan	466954	610	586
20080128	-90279.3	1e+07	-9.99999e+06	-0.00902793	2e+07	8.06227e+06	nan	546006	619	583
20080129	37262.3	9.99999e+06	-9.99999e+06	0.00372623	2e+07	6.98442e+06	nan	471162	625	582
20080130	148964	9.99999e+06	-1e+07	0.0148964	2e+07	7.82033e+06	nan	562462	632	578
20080131	223063	9.99999e+06	-1e+07	0.0223064	2e+07	7.92338e+06	nan	562577	637	575
20080201	107185	1e+07	-9.99999e+06	0.0107185	2e+07	8.49736e+06	nan	583978	613	586
20080204	76730.5	1e+07	-1e+07	0.00767306	2e+07	8.6266e+06	nan	640478	598	601
20080205	95669.1	1e+07	-9.99999e+06	0.0095669	2e+07	9.8454e+06	nan	627861	644	551
20080213	-5500.38	9.99999e+06	-9.99999e+06	-0.000550038	2e+07	1.0058e+07	nan	706176	652	552
20080214	23676.8	1e+07	-1e+07	0.00236768	2e+07	8.88713e+06	nan	637869	646	569
20080215	-99035.6	1e+07	-1e+07	-0.00990356	2e+07	8.64277e+06	nan	608681	675	562
20080218	21060.3	1e+07	-9.99999e+06	0.00210603	2e+07	8.58198e+06	nan	590614	661	586
20080219	133721	1e+07	-1e+07	0.0133721	2e+07	9.41996e+06	nan	609026	674	566
20080220	-41118.3	1e+07	-1e+07	-0.00411183	2e+07	9.39682e+06	nan	603241	669	557
20080221	-9645.14	1e+07	-1e+07	-0.000964513	2e+07	9.3213e+06	nan	622198	654	552
20080222	39929.6	1e+07	-1e+07	0.00399296	2e+07	9.31838e+06	nan	586657	614	581
20080225	-71029.7	1e+07	-1e+07	-0.00710297	2e+07	9.50588e+06	nan	652627	588	592
20080226	37187.8	1e+07	-1e+07	0.00371878	2e+07	9.46312e+06	nan	652250	566	613
20080227	9215.72	9.99999e+06	-1e+07	0.000921572	2e+07	8.31028e+06	nan	582318	564	621
20080228	-18368.1	9.99999e+06	-1e+07	-0.00183681	2e+07	7.67832e+06	nan	498923	590	610
20080229	22428.5	1e+07	-1e+07	0.00224285	2e+07	6.85837e+06	nan	480167	593	613
20080303	-36670.3	1e+07	-1e+07	-0.00366702	2e+07	7.06171e+06	nan	478973	600	618
20080304	-33891	1e+07	-9.99999e+06	-0.00338909	2e+07	6.63794e+06	nan	400882	619	610
20080305	-160488	1e+07	-1e+07	-0.0160488	2e+07	7.03097e+06	nan	475621	601	636
20080306	148269	1e+07	-1e+07	0.0148269	2e+07	6.73659e+06	nan	442608	643	593
20080307	135677	1e+07	-1e+07	0.0135677	2e+07	7.96708e+06	nan	541365	619	613
20080310	-16196.3	1e+07	-1e+07	-0.00161963	2e+07	9.66831e+06	nan	654940	612	630
20080311	-103139	1e+07	-9.99999e+06	-0.0103139	2e+07	9.02428e+06	nan	615976	609	630
20080312	-63972.6	1e+07	-1e+07	-0.00639726	2e+07	7.88903e+06	nan	492693	632	603
20080313	56334.4	1e+07	-1e+07	0.00563344	2e+07	8.15176e+06	nan	538751	626	604
20080314	8658.4	1e+07	-1e+07	0.00086584	2e+07	6.71561e+06	nan	483183	637	598
20080317	87213.6	1e+07	-1e+07	0.00872136	2e+07	6.75123e+06	nan	504822	635	602
20080318	97116.4	1e+07	-1e+07	0.00971164	2e+07	6.78701e+06	nan	494405	635	592
20080319	34333.5	1e+07	-1e+07	0.00343335	2e+07	6.25218e+06	nan	506361	628	591
20080320	72401.7	1e+07	-1e+07	0.00724017	2e+07	7.15072e+06	nan	548385	668	561
20080321	58064.6	1e+07	-1e+07	0.00580646	2e+07	8.9469e+06	nan	621566	670	545
20080324	-100623	9.99999e+06	-1e+07	-0.0100623	2e+07	9.55716e+06	nan	718668	665	532
20080325	-25747.7	9.99999e+06	-9.99999e+06	-0.00257477	2e+07	9.04898e+06	nan	668976	652	542
20080326	61946.4	1e+07	-1e+07	0.00619464	2e+07	1.05884e+07	nan	723436	659	534
20080327	78639.9	1e+07	-1e+07	0.00786399	2e+07	1.02535e+07	nan	774804	633	548
20080328	27300.3	1e+07	-1e+07	0.00273003	2e+07	9.26389e+06	nan	731591	620	573
20080331	19939.1	1e+07	-1e+07	0.00199391	2e+07	1.06598e+07	nan	757204	662	530
20080401	4407.81	9.99999e+06	-9.99999e+06	0.000440782	2e+07	9.92296e+06	nan	774156	641	553
20080402	11122.2	1e+07	-1e+07	0.00111222	2e+07	8.13066e+06	nan	694745	621	584
20080403	102407	1e+07	-1e+07	0.0102407	2e+07	7.01485e+06	nan	614459	621	581
20080407	79166.1	9.99999e+06	-9.99999e+06	0.0079166	2e+07	7.46315e+06	nan	658969	630	570
20080408	44699.6	1e+07	-1e+07	0.00446997	2e+07	8.61498e+06	nan	710914	662	560
20080409	-4572.85	1e+07	-1e+07	-0.000457284	2e+07	8.59671e+06	nan	712810	646	572
20080410	-34192.2	1e+07	-1e+07	-0.00341922	2e+07	8.51775e+06	nan	704025	642	563
20080411	49292.8	1e+07	-9.99999e+06	0.00492928	2e+07	9.63232e+06	nan	767932	656	551
20080414	-45190.8	9.99999e+06	-9.99999e+06	-0.00451909	2e+07	1.0124e+07	nan	909181	629	572
20080415	64985.5	1e+07	-1e+07	0.00649856	2e+07	1.00334e+07	nan	907639	642	562
20080416	-4655.74	9.99999e+06	-1e+07	-0.000465574	2e+07	1.12381e+07	nan	918328	656	549
20080417	11689.8	1e+07	-1e+07	0.00116898	2e+07	1.03698e+07	nan	944002	655	549
20080418	-79875.2	1e+07	-1e+07	-0.00798751	2e+07	9.30104e+06	nan	874329	647	567
20080421	-47034.6	1e+07	-1e+07	-0.00470346	2e+07	8.01941e+06	nan	737007	611	567
20080422	53615.7	1e+07	-9.99999e+06	0.00536157	2e+07	6.45417e+06	nan	579622	588	559
20080423	54897	9.99999e+06	-9.99999e+06	0.0054897	2e+07	7.78888e+06	nan	739896	596	538
20080424	38343.9	1e+07	-1e+07	0.0038344	2e+07	8.73768e+06	nan	785410	619	506
20080425	126057	1e+07	-1e+07	0.0126057	2e+07	8.6882e+06	nan	718087	595	507
20080428	-62200.2	1e+07	-1e+07	-0.00622002	2e+07	9.97e+06	nan	884039	594	536
20080429	55157.4	9.99999e+06	-1e+07	0.00551574	2e+07	9.79522e+06	nan	855661	597	540
20080430	42155.2	1e+07	-1e+07	0.00421552	2e+07	1.02772e+07	nan	903730	568	562
20080505	127352	9.99999e+06	-9.99999e+06	0.0127352	2e+07	9.73255e+06	nan	837088	608	533
20080506	71114.7	1e+07	-9.99999e+06	0.00711147	2e+07	8.7424e+06	nan	703997	607	533
20080507	81539.6	1e+07	-1e+07	0.00815397	2e+07	9.15947e+06	nan	776012	598	554
20080508	-52431.1	1e+07	-1e+07	-0.00524311	2e+07	1.039e+07	nan	904899	597	587
20080509	16232	9.99999e+06	-9.99999e+06	0.0016232	2e+07	9.2813e+06	nan	717350	608	570
20080512	45970.6	1e+07	-9.99999e+06	0.00459707	2e+07	9.5378e+06	nan	793659	599	561
20080513	122629	9.99999e+06	-1e+07	0.0122629	2e+07	8.23793e+06	nan	628960	594	551
20080514	105638	1e+07	-1e+07	0.0105638	2e+07	8.58678e+06	nan	655419	543	555
20080515	70163.2	1e+07	-1e+07	0.00701632	2e+07	7.94177e+06	nan	669721	541	559
20080516	28944.2	1e+07	-1e+07	0.00289442	2e+07	9.5403e+06	nan	731723	528	565
20080519	-19390.5	1e+07	-1e+07	-0.00193905	2e+07	1.01296e+07	nan	793218	504	557
20080520	17114.2	1e+07	-1e+07	0.00171142	2e+07	8.84083e+06	nan	735341	515	551
20080521	-35632.1	1e+07	-1e+07	-0.00356321	2e+07	8.62895e+06	nan	728635	516	570
20080522	-93993.4	1e+07	-1e+07	-0.00939934	2e+07	8.57894e+06	nan	754669	548	545
20080523	58851.2	1e+07	-9.99999e+06	0.00588512	2e+07	8.48027e+06	nan	750999	541	590
20080526	54740.8	1e+07	-1e+07	0.00547408	2e+07	8.35126e+06	nan	776208	569	611
20080527	36730.4	1e+07	-9.99999e+06	0.00367304	2e+07	8.00918e+06	nan	745142	570	618
20080528	85217.4	1e+07	-9.99999e+06	0.00852174	2e+07	8.63826e+06	nan	799012	625	584
20080529	-63392.1	1e+07	-1e+07	-0.00633922	2e+07	9.29898e+06	nan	763868	623	569
20080530	-3828.59	1e+07	-1e+07	-0.000382859	2e+07	8.37841e+06	nan	765904	627	574
20080602	-40399.7	1e+07	-9.99999e+06	-0.00403997	2e+07	9.39394e+06	nan	852976	644	551
20080603	67485.2	9.99999e+06	-1e+07	0.00674852	2e+07	9.08474e+06	nan	839689	636	575
20080604	-2036.04	1e+07	-1e+07	-0.000203604	2e+07	8.85567e+06	nan	855612	639	579
20080605	36515.3	1e+07	-1e+07	0.00365153	2e+07	8.35675e+06	nan	809308	646	602
20080606	118509	1e+07	-1e+07	0.0118509	2e+07	8.20009e+06	nan	820147	640	618
20080610	1133.27	1e+07	-1e+07	0.000113327	2e+07	8.84385e+06	nan	859727	634	637
20080611	-11760.8	1e+07	-1e+07	-0.00117608	2e+07	7.19123e+06	nan	723909	611	653
20080612	86751.8	1e+07	-9.99999e+06	0.00867517	2e+07	6.58573e+06	nan	743983	622	642
20080613	-111059	9.99999e+06	-9.99999e+06	-0.0111059	2e+07	7.36161e+06	nan	794988	632	615
20080616	-85094.4	1e+07	-1e+07	-0.00850945	2e+07	5.95832e+06	nan	675024	612	635
20080617	-210853	1e+07	-1e+07	-0.0210853	2e+07	6.77319e+06	nan	748220	609	636
20080618	175165	1e+07	-1e+07	0.0175165	2e+07	5.45276e+06	nan	627640	604	643
20080619	-56582.6	1e+07	-1e+07	-0.00565826	2e+07	7.47895e+06	nan	831351	666	575
20080620	221903	1e+07	-1e+07	0.0221903	2e+07	7.07618e+06	nan	876231	638	614
20080623	215269	1e+07	-1e+07	0.0215269	2e+07	8.77422e+06	nan	1.05738e+06	649	582
20080624	156434	1e+07	-1e+07	0.0156434	2e+07	9.52379e+06	nan	1.24368e+06	633	603
20080625	155335	1e+07	-1e+07	0.0155335	2e+07	1.06624e+07	nan	1.30954e+06	669	571
20080626	54498.3	1e+07	-1e+07	0.00544983	2e+07	1.06322e+07	nan	1.22781e+06	674	563
20080627	-14056.8	9.99999e+06	-1e+07	-0.00140568	2e+07	1.00357e+07	nan	1.15451e+06	640	579
20080630	-61732.1	9.99999e+06	-1e+07	-0.00617321	2e+07	1.02682e+07	nan	1.17836e+06	631	576
20080701	-5760.53	1e+07	-1e+07	-0.000576053	2e+07	1.04168e+07	nan	1.20193e+06	628	541
20080702	-3443.69	1e+07	-1e+07	-0.000344369	2e+07	8.68848e+06	nan	1.16592e+06	633	551
20080703	-18156.1	1e+07	-1e+07	-0.00181561	2e+07	9.04645e+06	nan	1.15615e+06	657	542
20080704	62253.4	1e+07	-1e+07	0.00622533	2e+07	8.10573e+06	nan	974569	694	537
20080707	124463	1e+07	-1e+07	0.0124463	2e+07	8.3668e+06	nan	1.07941e+06	687	596
20080708	65739.1	1e+07	-1e+07	0.00657391	2e+07	8.16652e+06	nan	944846	676	650
20080709	102581	9.99999e+06	-1e+07	0.0102581	2e+07	7.57283e+06	nan	861267	680	645
20080710	108987	1e+07	-1e+07	0.0108987	2e+07	7.97006e+06	nan	870776	669	654
20080711	-43359	9.99999e+06	-9.99999e+06	-0.0043359	2e+07	8.79913e+06	nan	986696	665	657
20080714	-10988.3	9.99999e+06	-1e+07	-0.00109883	2e+07	9.87175e+06	nan	1.19052e+06	667	646
20080715	86012.3	1e+07	-1e+07	0.00860124	2e+07	8.76211e+06	nan	943245	697	621
20080716	76062.7	1e+07	-1e+07	0.00760627	2e+07	9.36541e+06	nan	1.09967e+06	696	614
20080717	23171.2	1e+07	-1e+07	0.00231712	2e+07	8.84542e+06	nan	1.07587e+06	687	626
20080718	100385	1e+07	-1e+07	0.0100385	2e+07	7.5516e+06	nan	904530	668	641
20080721	17494.5	1e+07	-1e+07	0.00174945	2e+07	7.30232e+06	nan	846569	714	601
20080722	1733.36	1e+07	-1e+07	0.000173336	2e+07	6.63507e+06	nan	737836	699	619
20080723	38721.4	1e+07	-1e+07	0.00387214	2e+07	6.81278e+06	nan	798026	684	637
20080724	30431.7	1e+07	-1e+07	0.00304317	2e+07	7.08865e+06	nan	832568	676	644
20080725	23670.2	1e+07	-1e+07	0.00236702	2e+07	8.26685e+06	nan	909529	698	624
20080728	37637.7	1e+07	-1e+07	0.00376377	2e+07	8.65926e+06	nan	990130	689	622
20080729	-193.713	1e+07	-1e+07	-1.93713e-05	2e+07	9.09955e+06	nan	1.04486e+06	672	634
20080730	29718	1e+07	-9.99999e+06	0.0029718	2e+07	9.08968e+06	nan	1.08345e+06	650	651
20080731	31090	1e+07	-1e+07	0.00310901	2e+07	8.72452e+06	nan	1.02881e+06	604	697
20080801	-4625.98	9.99999e+06	-1e+07	-0.000462598	2e+07	7.6493e+06	nan	892904	617	685
20080804	-51945.2	1e+07	-1e+07	-0.00519452	2e+07	7.55646e+06	nan	859802	627	687
20080805	-100912	1e+07	-1e+07	-0.0100912	2e+07	6.49448e+06	nan	773066	642	684
20080806	-66700	1e+07	-1e+07	-0.00667	2e+07	5.18536e+06	nan	637839	638	686
20080807	33680.9	9.99999e+06	-1e+07	0.00336808	2e+07	6.25701e+06	nan	735430	631	683
20080808	2732	1e+07	-1e+07	0.0002732	2e+07	6.78258e+06	nan	806415	669	650
20080811	-22344.2	1e+07	-1e+07	-0.00223442	2e+07	5.82723e+06	nan	732049	659	667
20080812	71701.4	1e+07	-1e+07	0.00717013	2e+07	5.85757e+06	nan	805671	645	674
20080813	88368.6	1e+07	-1e+07	0.00883685	2e+07	7.45564e+06	nan	1.09692e+06	650	657
20080814	-11627.9	1e+07	-1e+07	-0.00116279	2e+07	8.71201e+06	nan	1.242e+06	704	626
20080815	-58576.9	1e+07	-1e+07	-0.00585769	2e+07	9.09031e+06	nan	1.30426e+06	721	616
20080818	-147194	9.99999e+06	-1e+07	-0.0147194	2e+07	8.7069e+06	nan	1.24268e+06	702	612
20080819	-75341.8	1e+07	-1e+07	-0.00753419	2e+07	7.79384e+06	nan	1.15412e+06	649	657
20080820	108997	1e+07	-1e+07	0.0108997	2e+07	9.63934e+06	nan	1.43773e+06	675	634
20080821	-86335	1e+07	-1e+07	-0.0086335	2e+07	1.04151e+07	nan	1.3915e+06	701	604
20080822	57650	1e+07	-1e+07	0.005765	2e+07	9.69954e+06	nan	1.39055e+06	706	597
20080825	71301.3	1e+07	-1e+07	0.00713013	2e+07	1.0647e+07	nan	1.63768e+06	713	608
20080826	-89136.2	1e+07	-1e+07	-0.00891361	2e+07	1.01169e+07	nan	1.51836e+06	680	650
20080827	22188.6	1e+07	-1e+07	0.00221886	2e+07	8.18611e+06	nan	1.26825e+06	660	672
20080828	106517	1e+07	-1e+07	0.0106517	2e+07	8.31083e+06	nan	1.29442e+06	668	667
20080829	44803.1	1e+07	-1e+07	0.00448031	2e+07	8.31812e+06	nan	1.34192e+06	663	674
20080901	-37343.7	1e+07	-1e+07	-0.00373437	2e+07	8.45142e+06	nan	1.26032e+06	696	647
20080902	42027.2	1e+07	-1e+07	0.00420272	2e+07	7.70666e+06	nan	1.24471e+06	702	641
20080903	176333	9.99998e+06	-9.99998e+06	0.0176333	2e+07	8.12228e+06	nan	1.24082e+06	717	624
20080904	30303.7	1e+07	-1e+07	0.00303037	2e+07	8.11056e+06	nan	1.37596e+06	704	639
20080905	15697.7	1e+07	-1e+07	0.00156977	2e+07	8.66825e+06	nan	1.42653e+06	721	625
20080908	-99967.8	1e+07	-9.99999e+06	-0.00999678	2e+07	8.28036e+06	nan	1.3402e+06	695	638
20080909	-95782.5	9.99999e+06	-9.99999e+06	-0.00957825	2e+07	7.93989e+06	nan	1.36777e+06	668	660
20080910	-66237.7	1e+07	-1e+07	-0.00662378	2e+07	7.92801e+06	nan	1.33462e+06	679	649
20080911	-31944.9	1e+07	-1e+07	-0.00319448	2e+07	7.20177e+06	nan	1.19552e+06	695	628
20080912	72878.5	1e+07	-1e+07	0.00728784	2e+07	6.49851e+06	nan	1.16277e+06	661	659
20080916	114587	1e+07	-1e+07	0.0114587	2e+07	7.64346e+06	nan	1.30353e+06	663	655
20080917	89458.1	1e+07	-1e+07	0.0089458	2e+07	7.49852e+06	nan	1.30013e+06	650	657
20080918	127360	1e+07	-1e+07	0.012736	2e+07	7.74618e+06	nan	1.44423e+06	636	671
20080919	-6261.06	1e+07	-1e+07	-0.000626106	2e+07	8.38483e+06	nan	1.59699e+06	676	638
20080922	157040	9.99999e+06	-9.99999e+06	0.015704	2e+07	9.81466e+06	nan	1.58228e+06	706	571
20080923	-8197.1	1e+07	-1e+07	-0.000819711	2e+07	9.66675e+06	nan	1.58106e+06	710	604
20080924	-32615.2	9.99999e+06	-9.99999e+06	-0.00326152	2e+07	9.39744e+06	nan	1.6097e+06	700	638
20080925	75214	1e+07	-1e+07	0.00752141	2e+07	9.01497e+06	nan	1.55075e+06	722	622
20080926	92069.6	9.99999e+06	-1e+07	0.00920696	2e+07	8.91257e+06	nan	1.45004e+06	727	612
20081006	27948.3	1e+07	-9.99999e+06	0.00279484	2e+07	8.72266e+06	nan	1.44368e+06	736	598
20081007	56069.2	1e+07	-1e+07	0.00560692	2e+07	8.25607e+06	nan	1.45983e+06	742	590
20081008	71600.4	1e+07	-9.99999e+06	0.00716004	2e+07	7.60425e+06	nan	1.26593e+06	740	587
20081009	111588	1e+07	-1e+07	0.0111588	2e+07	7.94114e+06	nan	1.42161e+06	731	590
20081010	-31125.4	1e+07	-1e+07	-0.00311254	2e+07	8.35049e+06	nan	1.46971e+06	711	611
20081013	-101896	1e+07	-1e+07	-0.0101896	2e+07	7.33352e+06	nan	1.36068e+06	693	631
20081014	-51370.7	1e+07	-1e+07	-0.00513707	2e+07	7.41564e+06	nan	1.28605e+06	733	586
20081015	51225.9	9.99999e+06	-9.99999e+06	0.00512259	2e+07	7.81686e+06	nan	1.46123e+06	679	648
20081016	-17398.3	1e+07	-1e+07	-0.00173984	2e+07	7.95833e+06	nan	1.5458e+06	669	655
20081017	73227.2	9.99999e+06	-1e+07	0.00732271	2e+07	7.18288e+06	nan	1.45636e+06	686	653
20081020	114524	1e+07	-1e+07	0.0114524	2e+07	8.15906e+06	nan	1.6896e+06	707	646
20081021	30992.1	9.99998e+06	-9.99999e+06	0.00309921	2e+07	8.45096e+06	nan	1.63748e+06	745	620
20081022	52210.1	1e+07	-1e+07	0.00522101	2e+07	8.2331e+06	nan	1.63473e+06	732	636
20081023	18100.2	1e+07	-1e+07	0.00181002	2e+07	8.1754e+06	nan	1.65667e+06	734	642
20081024	9159.87	1e+07	-9.99999e+06	0.000915987	2e+07	9.41753e+06	nan	1.80755e+06	743	621
20081027	-103314	9.99999e+06	-9.99999e+06	-0.0103314	2e+07	8.29921e+06	nan	1.71476e+06	717	649
20081028	-63498.1	1e+07	-1e+07	-0.00634981	2e+07	7.9588e+06	nan	1.69679e+06	693	665
20081029	-147429	9.99999e+06	-9.99999e+06	-0.0147429	2e+07	8.81162e+06	nan	1.83969e+06	728	627
20081030	87938.2	1e+07	-1e+07	0.00879383	2e+07	8.00265e+06	nan	1.76035e+06	718	638
20081031	28371.5	1e+07	-1e+07	0.00283715	2e+07	8.20979e+06	nan	1.8489e+06	735	624
20081103	-102160	1e+07	-1e+07	-0.010216	2e+07	6.99757e+06	nan	1.56814e+06	714	651
20081104	-45332.9	1e+07	-1e+07	-0.00453329	2e+07	6.00577e+06	nan	1.38911e+06	686	683
20081105	48689.7	1e+07	-1e+07	0.00486897	2e+07	6.1613e+06	nan	1.4627e+06	704	670
20081106	47992.1	9.99999e+06	-1e+07	0.0047992	2e+07	7.12605e+06	nan	1.56061e+06	719	657
20081107	53612.7	1e+07	-1e+07	0.00536128	2e+07	7.58211e+06	nan	1.77653e+06	744	637
20081110	82840.3	1e+07	-1e+07	0.00828403	2e+07	8.52673e+06	nan	1.88458e+06	763	614
20081111	74000	9.99999e+06	-1e+07	0.0074	2e+07	8.36105e+06	nan	1.66075e+06	750	618
20081112	-8527.42	1e+07	-1e+07	-0.000852742	2e+07	8.42188e+06	nan	1.82763e+06	709	641
20081113	40571.9	1e+07	-1e+07	0.00405719	2e+07	9.26669e+06	nan	1.80743e+06	687	654
20081114	27325	1e+07	-1e+07	0.00273249	2e+07	8.06745e+06	nan	1.5368e+06	674	655
20081117	2782.35	9.99999e+06	-9.99999e+06	0.000278235	2e+07	6.38833e+06	nan	1.10794e+06	652	654
20081118	51456.5	1e+07	-1e+07	0.00514566	2e+07	5.27194e+06	nan	861105	632	661
20081119	-24083.9	1e+07	-1e+07	-0.00240839	2e+07	6.20127e+06	nan	1.13354e+06	643	651
20081120	100471	1e+07	-1e+07	0.0100471	2e+07	6.20373e+06	nan	1.08277e+06	654	645
20081121	47309.3	9.99999e+06	-1e+07	0.00473093	2e+07	8.82167e+06	nan	1.61752e+06	657	637
20081124	161709	9.99999e+06	-9.99999e+06	0.0161709	2e+07	8.90224e+06	nan	1.60153e+06	670	641
20081125	86214.2	1e+07	-9.99999e+06	0.00862143	2e+07	1.07108e+07	nan	1.99505e+06	688	643
20081126	21764.6	1e+07	-1e+07	0.00217646	2e+07	9.98751e+06	nan	1.95784e+06	686	653
20081127	30612	9.99999e+06	-9.99999e+06	0.0030612	2e+07	8.33869e+06	nan	1.6208e+06	689	651
20081128	15727.5	1e+07	-1e+07	0.00157275	2e+07	8.05211e+06	nan	1.4808e+06	684	654
20081201	-4853.05	1e+07	-1e+07	-0.000485305	2e+07	6.71685e+06	nan	1.26512e+06	655	679
20081202	109964	1e+07	-1e+07	0.0109964	2e+07	7.54812e+06	nan	1.27068e+06	690	640
20081203	108072	9.99999e+06	-1e+07	0.0108072	2e+07	8.28938e+06	nan	1.49056e+06	669	672
20081204	44272	1e+07	-1e+07	0.0044272	2e+07	9.23918e+06	nan	1.5626e+06	697	641
20081205	51233.6	1e+07	-1e+07	0.00512336	2e+07	9.56168e+06	nan	1.70361e+06	701	644
20081208	87976.2	1e+07	-1e+07	0.00879762	2e+07	1.15163e+07	nan	1.86573e+06	716	640
20081209	111802	1e+07	-1e+07	0.0111802	2e+07	1.02124e+07	nan	1.57951e+06	695	652
20081210	27761.4	9.99998e+06	-9.99999e+06	0.00277614	2e+07	1.02171e+07	nan	1.70629e+06	695	649
20081211	75897	1e+07	-1e+07	0.00758971	2e+07	9.482e+06	nan	1.51525e+06	694	658
20081212	55833.3	1e+07	-1e+07	0.00558332	2e+07	1.04437e+07	nan	1.68208e+06	672	675
20081215	-14525.4	1e+07	-9.99999e+06	-0.00145254	2e+07	1.11328e+07	nan	1.84118e+06	662	680
20081216	94952.3	1e+07	-1e+07	0.00949524	2e+07	8.5113e+06	nan	1.42363e+06	650	685
20081217	-16504.4	1e+07	-1e+07	-0.00165044	2e+07	7.37105e+06	nan	1.18788e+06	661	668
20081218	53082.7	1e+07	-1e+07	0.00530826	2e+07	7.70299e+06	nan	1.31525e+06	646	681
20081219	11273.6	9.99999e+06	-1e+07	0.00112736	2e+07	7.10975e+06	nan	1.12023e+06	644	678
20081222	26524.4	1e+07	-1e+07	0.00265244	2e+07	7.49965e+06	nan	1.21635e+06	647	683
20081223	36260.4	1e+07	-1e+07	0.00362604	2e+07	7.57939e+06	nan	1.21794e+06	679	653
20081224	-76114.2	9.99999e+06	-9.99998e+06	-0.00761142	2e+07	7.69012e+06	nan	1.2614e+06	671	667
20081225	37916.9	1e+07	-9.99999e+06	0.0037917	2e+07	7.56569e+06	nan	1.35965e+06	670	666
20081226	44080	1e+07	-1e+07	0.004408	2e+07	7.98841e+06	nan	1.37418e+06	680	659
20081229	64520.3	9.99999e+06	-1e+07	0.00645203	2e+07	8.01255e+06	nan	1.34699e+06	630	695
20081230	-103215	1e+07	-1e+07	-0.0103215	2e+07	8.80889e+06	nan	1.49036e+06	641	652
20081231	10373.1	9.99999e+06	-9.99999e+06	0.00103731	2e+07	6.67512e+06	nan	1.15425e+06	618	667
20090105	87423.8	9.99999e+06	-1e+07	0.00874238	2e+07	5.99168e+06	nan	1.05578e+06	603	672
20090106	134335	1e+07	-1e+07	0.0134335	2e+07	7.51265e+06	nan	1.22973e+06	634	635
20090107	6060.04	1e+07	-1e+07	0.000606004	2e+07	8.36861e+06	nan	1.31565e+06	692	597
20090108	-2398.02	9.99999e+06	-9.99999e+06	-0.000239802	2e+07	8.38158e+06	nan	1.48277e+06	707	639
20090109	-10413.8	1e+07	-9.99999e+06	-0.00104138	2e+07	9.09715e+06	nan	1.58966e+06	721	636
20090112	99344	1e+07	-1e+07	0.0099344	2e+07	9.72314e+06	nan	1.58424e+06	746	623
20090113	123228	1e+07	-1e+07	0.0123228	2e+07	1.00545e+07	nan	1.67481e+06	714	657
20090114	-80290.4	9.99999e+06	-9.99999e+06	-0.00802904	2e+07	9.99072e+06	nan	1.76494e+06	683	695
20090115	19012.3	1e+07	-1e+07	0.00190123	2e+07	8.78264e+06	nan	1.37139e+06	707	663
20090116	17667.4	1e+07	-1e+07	0.00176674	2e+07	9.23667e+06	nan	1.48393e+06	679	672
20090119	24089.3	1e+07	-9.99999e+06	0.00240893	2e+07	9.26785e+06	nan	1.54501e+06	650	696
20090120	-40462.4	9.99999e+06	-1e+07	-0.00404625	2e+07	9.10754e+06	nan	1.54436e+06	645	714
20090121	-53302.5	9.99999e+06	-9.99999e+06	-0.00533025	2e+07	7.93668e+06	nan	1.21139e+06	657	698
20090122	-4568.14	1e+07	-1e+07	-0.000456815	2e+07	7.86079e+06	nan	1.27353e+06	657	695
