20090105	0	0	0	0	0	0	nan	0	0	0
20090106	0	1e+07	-1e+07	0	0	2e+07	nan	2.84499e+06	340	328
20090107	-3707.18	1e+07	-1e+07	-0.000370718	2e+07	1.76549e+07	nan	2.35634e+06	335	348
20090108	-776.103	1e+07	-1e+07	-7.76103e-05	2e+07	1.4815e+07	nan	2.02683e+06	324	393
20090109	20298.3	9.99999e+06	-1e+07	0.00202982	2e+07	1.31459e+07	nan	1.80988e+06	325	395
20090112	36488.3	1e+07	-1e+07	0.00364883	2e+07	1.18158e+07	nan	1.53957e+06	338	386
20090113	43915.7	1e+07	-1e+07	0.00439157	2e+07	1.13302e+07	nan	1.49673e+06	345	379
20090114	-25364	1e+07	-1e+07	-0.0025364	2e+07	1.06606e+07	nan	1.51209e+06	338	390
20090115	-9609.37	1e+07	-9.99999e+06	-0.000960937	2e+07	1.05028e+07	nan	1.36628e+06	341	381
20090116	-18864.8	1e+07	-1e+07	-0.00188648	2e+07	1.08771e+07	nan	1.41227e+06	345	372
20090119	-16777.6	1e+07	-1e+07	-0.00167776	2e+07	1.03509e+07	nan	1.32765e+06	344	371
20090120	23932.3	1e+07	-1e+07	0.00239323	2e+07	1.06285e+07	nan	1.37519e+06	349	372
20090121	4798.17	1e+07	-1e+07	0.000479817	2e+07	1.01341e+07	nan	1.33051e+06	357	359
20090122	-26316.4	1e+07	-1e+07	-0.00263164	2e+07	1.00545e+07	nan	1.22952e+06	346	371
20090123	6075.43	1e+07	-1e+07	0.000607543	2e+07	9.97967e+06	nan	1.24821e+06	348	374
20090202	-67533.2	9.99999e+06	-9.99999e+06	-0.00675332	2e+07	1.01501e+07	nan	1.30255e+06	369	361
20090203	10032.8	1e+07	-1e+07	0.00100328	2e+07	1.05087e+07	nan	1.33748e+06	360	370
20090204	3829.06	1e+07	-1e+07	0.000382906	2e+07	1.08461e+07	nan	1.30129e+06	345	385
20090205	-9172.66	1e+07	-1e+07	-0.000917266	2e+07	1.09066e+07	nan	1.29122e+06	347	386
20090206	-14415	1e+07	-1e+07	-0.0014415	2e+07	1.14273e+07	nan	1.3673e+06	352	382
20090209	-25566.1	1e+07	-1e+07	-0.00255661	2e+07	1.13632e+07	nan	1.28076e+06	336	389
20090210	420.796	1e+07	-1e+07	4.20796e-05	2e+07	1.13766e+07	nan	1.22175e+06	362	361
20090211	9790.36	9.99999e+06	-9.99999e+06	0.000979036	2e+07	1.15023e+07	nan	1.21025e+06	359	363
20090212	-10479.4	1e+07	-1e+07	-0.00104794	2e+07	1.09241e+07	nan	1.16735e+06	371	351
20090213	-196.294	9.99999e+06	-9.99999e+06	-1.96294e-05	2e+07	1.03262e+07	nan	1.12668e+06	359	364
20090216	2409.43	1e+07	-1e+07	0.000240943	2e+07	1.07625e+07	nan	1.07925e+06	369	353
20090217	54387.4	1e+07	-1e+07	0.00543874	2e+07	1.05917e+07	nan	1.06881e+06	352	370
20090218	-58799.7	9.99999e+06	-9.99999e+06	-0.00587996	2e+07	9.96197e+06	nan	1.08394e+06	371	355
20090219	36587.2	1e+07	-1e+07	0.00365872	2e+07	1.02723e+07	nan	1.12875e+06	384	345
20090220	6273.6	1e+07	-1e+07	0.00062736	2e+07	1.06162e+07	nan	1.12848e+06	392	341
20090223	-16358.5	1e+07	-9.99999e+06	-0.00163585	2e+07	1.09521e+07	nan	1.14114e+06	379	356
20090224	-26918.4	1e+07	-1e+07	-0.00269184	2e+07	1.05504e+07	nan	1.04916e+06	386	355
20090225	-19510.8	1e+07	-1e+07	-0.00195108	2e+07	1.02687e+07	nan	1.09341e+06	379	364
20090226	27010.7	1e+07	-1e+07	0.00270107	2e+07	9.90221e+06	nan	1.03892e+06	380	358
20090227	-44864.2	1e+07	-1e+07	-0.00448642	2e+07	1.01139e+07	nan	1.10249e+06	377	357
20090302	12269.2	1e+07	-1e+07	0.00122692	2e+07	1.01872e+07	nan	1.21312e+06	371	360
20090303	32715.5	1e+07	-1e+07	0.00327155	2e+07	1.01756e+07	nan	1.19783e+06	374	350
20090304	1777.86	1e+07	-1e+07	0.000177786	2e+07	1.00163e+07	nan	1.14234e+06	371	353
20090305	12054.8	1e+07	-1e+07	0.00120548	2e+07	1.00129e+07	nan	1.08174e+06	353	371
20090306	-5402.22	1e+07	-1e+07	-0.000540221	2e+07	1.00026e+07	nan	1.05493e+06	362	369
20090309	55236.6	1e+07	-9.99999e+06	0.00552366	2e+07	1.0589e+07	nan	1.14567e+06	354	375
20090310	11805.2	1e+07	-1e+07	0.00118052	2e+07	1.04189e+07	nan	1.17034e+06	361	369
20090311	-17341.9	9.99999e+06	-1e+07	-0.00173419	2e+07	1.08327e+07	nan	1.18108e+06	356	373
20090312	15173.1	9.99999e+06	-9.99999e+06	0.00151731	2e+07	1.0783e+07	nan	1.21268e+06	357	370
20090313	7495.23	1e+07	-1e+07	0.000749523	2e+07	1.06481e+07	nan	1.17876e+06	357	367
20090316	-28969.4	1e+07	-1e+07	-0.00289694	2e+07	1.06156e+07	nan	1.16705e+06	353	372
20090317	-30606.1	9.99999e+06	-1e+07	-0.00306061	2e+07	1.09665e+07	nan	1.16977e+06	364	358
20090318	-35738.6	1e+07	-1e+07	-0.00357386	2e+07	1.07076e+07	nan	1.10908e+06	372	354
20090319	-5774.46	9.99999e+06	-1e+07	-0.000577446	2e+07	1.07796e+07	nan	1.1012e+06	369	351
20090320	9867.15	1e+07	-1e+07	0.000986716	2e+07	1.04573e+07	nan	1.08666e+06	391	335
20090323	-23793.2	1e+07	-1e+07	-0.00237932	2e+07	1.10785e+07	nan	1.09402e+06	384	335
20090324	33804.1	1e+07	-1e+07	0.00338041	2e+07	1.1109e+07	nan	1.11508e+06	376	336
20090325	15558.4	1e+07	-1e+07	0.00155584	2e+07	1.08811e+07	nan	1.05292e+06	377	332
20090326	18964.9	1e+07	-1e+07	0.00189649	2e+07	1.0938e+07	nan	1.09666e+06	361	353
20090327	-21419.8	9.99999e+06	-1e+07	-0.00214198	2e+07	1.06844e+07	nan	1.01129e+06	367	338
20090330	-13714.2	1e+07	-1e+07	-0.00137142	2e+07	1.1133e+07	nan	1.0967e+06	375	327
20090331	38629.9	1e+07	-1e+07	0.00386298	2e+07	1.08247e+07	nan	1.05703e+06	362	342
20090401	11704.5	1e+07	-1e+07	0.00117045	2e+07	1.04959e+07	nan	1.03955e+06	356	344
20090402	878.622	1e+07	-1e+07	8.78623e-05	2e+07	1.04263e+07	nan	993381	368	334
20090403	-7419.62	1e+07	-1e+07	-0.000741962	2e+07	1.0421e+07	nan	983555	370	334
20090407	21639.8	1e+07	-1e+07	0.00216398	2e+07	1.07877e+07	nan	1.03248e+06	360	349
20090408	51553.1	1e+07	-1e+07	0.0051553	2e+07	1.13539e+07	nan	1.08012e+06	376	342
20090409	8678.02	9.99999e+06	-1e+07	0.000867802	2e+07	1.1474e+07	nan	1.10894e+06	385	329
20090410	-21588.2	1e+07	-1e+07	-0.00215882	2e+07	1.13106e+07	nan	1.06704e+06	363	341
20090413	27545.1	1e+07	-1e+07	0.00275451	2e+07	1.13719e+07	nan	1.0261e+06	365	327
20090414	18596.8	1e+07	-1e+07	0.00185968	2e+07	1.11823e+07	nan	1.00434e+06	346	345
20090415	10262.7	1e+07	-1e+07	0.00102627	2e+07	1.09296e+07	nan	983829	347	340
20090416	13965	1e+07	-1e+07	0.0013965	2e+07	1.09321e+07	nan	922551	346	336
20090417	19676.5	1e+07	-1e+07	0.00196765	2e+07	1.11556e+07	nan	974215	347	335
20090420	14667.2	1e+07	-1e+07	0.00146672	2e+07	1.10268e+07	nan	972774	371	325
20090421	-24503.4	1e+07	-9.99999e+06	-0.00245034	2e+07	1.17322e+07	nan	1.01255e+06	341	326
20090422	37199	1e+07	-1e+07	0.00371991	2e+07	1.13198e+07	nan	967230	352	300
20090423	-26577.8	1e+07	-1e+07	-0.00265778	2e+07	1.09413e+07	nan	995207	342	313
20090424	-75394	1e+07	-1e+07	-0.0075394	2e+07	1.15551e+07	nan	1.05508e+06	337	314
20090427	50518	1e+07	-1e+07	0.00505179	2e+07	1.24642e+07	nan	1.1174e+06	328	310
20090428	3819.02	1e+07	-1e+07	0.000381902	2e+07	1.20416e+07	nan	1.1452e+06	325	331
20090429	-13245	1e+07	-1e+07	-0.0013245	2e+07	1.20706e+07	nan	1.10851e+06	338	309
20090430	-35973.6	1e+07	-1e+07	-0.00359736	2e+07	1.11298e+07	nan	1.04451e+06	336	314
20090504	-9020.22	1e+07	-1e+07	-0.000902022	2e+07	1.07416e+07	nan	1.00655e+06	333	325
20090505	77128.5	9.99999e+06	-9.99999e+06	0.00771285	2e+07	1.16203e+07	nan	1.00385e+06	333	343
20090506	-1231.75	1e+07	-1e+07	-0.000123176	2e+07	1.15196e+07	nan	1.02763e+06	330	356
20090507	49928.8	1e+07	-1e+07	0.00499288	2e+07	1.15075e+07	nan	987086	355	356
20090508	-11879.5	9.99999e+06	-1e+07	-0.00118795	2e+07	1.12976e+07	nan	980371	358	347
20090511	-9056	1e+07	-1e+07	-0.000905601	2e+07	1.186e+07	nan	945379	345	339
20090512	-4166.14	1e+07	-1e+07	-0.000416614	2e+07	1.18339e+07	nan	1.06316e+06	337	340
20090513	-2077.69	1e+07	-9.99999e+06	-0.000207769	2e+07	1.10537e+07	nan	958263	340	329
20090514	-15356.7	1e+07	-1e+07	-0.00153567	2e+07	1.05437e+07	nan	923917	337	326
20090515	29226.6	1e+07	-1e+07	0.00292266	2e+07	1.04837e+07	nan	936359	353	314
20090518	23515.4	1e+07	-1e+07	0.00235154	2e+07	1.18908e+07	nan	961197	315	334
20090519	2688.56	1e+07	-1e+07	0.000268856	2e+07	1.14083e+07	nan	947451	335	305
20090520	-2050.04	1e+07	-1e+07	-0.000205004	2e+07	1.08315e+07	nan	907558	325	309
20090521	39303.1	1e+07	-9.99999e+06	0.00393031	2e+07	1.20026e+07	nan	968032	304	309
20090522	-7063.72	9.99999e+06	-9.99999e+06	-0.000706372	2e+07	1.13387e+07	nan	964190	299	300
20090525	-53259.5	1e+07	-1e+07	-0.00532595	2e+07	1.17106e+07	nan	972384	323	285
20090526	13042.5	1e+07	-1e+07	0.00130425	2e+07	1.16876e+07	nan	994286	315	298
20090527	-16838.5	9.99999e+06	-9.99999e+06	-0.00168385	2e+07	1.17999e+07	nan	1.01997e+06	313	297
20090601	-59581.8	1e+07	-1e+07	-0.00595819	2e+07	1.14769e+07	nan	1.02226e+06	321	307
20090602	-38127	1e+07	-1e+07	-0.0038127	2e+07	1.22766e+07	nan	1.04915e+06	319	311
20090603	-54411.8	1e+07	-1e+07	-0.00544117	2e+07	1.22434e+07	nan	1.07299e+06	337	323
20090604	-21999.8	1e+07	-1e+07	-0.00219998	2e+07	1.13303e+07	nan	991693	331	342
20090605	31332.5	9.99999e+06	-1e+07	0.00313325	2e+07	1.09739e+07	nan	931667	341	346
20090608	10198.6	1e+07	-1e+07	0.00101986	2e+07	1.0952e+07	nan	955555	353	330
20090609	59449.9	1e+07	-1e+07	0.00594499	2e+07	1.11567e+07	nan	977505	349	344
20090610	29157.8	9.99999e+06	-1e+07	0.00291578	2e+07	1.06105e+07	nan	946988	345	352
20090611	9835.16	1e+07	-1e+07	0.000983516	2e+07	1.06595e+07	nan	948084	341	352
20090612	-37997.4	1e+07	-1e+07	-0.00379974	2e+07	1.06411e+07	nan	962485	350	350
20090615	-16968.7	1e+07	-1e+07	-0.00169687	2e+07	1.02784e+07	nan	926691	358	340
20090616	11652.4	1e+07	-1e+07	0.00116524	2e+07	1.01962e+07	nan	884392	345	358
20090617	-14028	1e+07	-1e+07	-0.0014028	2e+07	1.02378e+07	nan	918156	348	352
20090618	36616.5	1e+07	-1e+07	0.00366164	2e+07	1.01959e+07	nan	888075	356	343
20090619	37733.4	1e+07	-1e+07	0.00377333	2e+07	1.08162e+07	nan	922641	369	332
20090622	22401.6	1e+07	-1e+07	0.00224016	2e+07	1.08115e+07	nan	929215	359	337
20090623	10994.6	1e+07	-1e+07	0.00109946	2e+07	1.10729e+07	nan	906300	344	348
20090624	13401.4	1e+07	-1e+07	0.00134014	2e+07	1.07181e+07	nan	919031	355	337
20090625	22960.7	1e+07	-1e+07	0.00229607	2e+07	1.07114e+07	nan	925500	361	329
20090626	4179.73	1e+07	-1e+07	0.000417973	2e+07	1.08028e+07	nan	919656	341	339
20090629	-29975.4	1e+07	-1e+07	-0.00299755	2e+07	1.14595e+07	nan	945552	337	329
20090630	-16614.6	1e+07	-1e+07	-0.00166146	2e+07	1.12131e+07	nan	895686	311	336
20090701	-6543.34	1e+07	-1e+07	-0.000654334	2e+07	1.08829e+07	nan	906733	313	319
20090702	-35599.4	1e+07	-1e+07	-0.00355993	2e+07	1.00425e+07	nan	866403	309	327
20090703	19254.1	1e+07	-1e+07	0.0019254	2e+07	1.0236e+07	nan	863186	321	328
20090706	30950	1e+07	-1e+07	0.003095	2e+07	1.02482e+07	nan	856312	344	342
20090707	11281.9	9.99999e+06	-1e+07	0.00112819	2e+07	1.05332e+07	nan	871008	350	361
20090708	52596.6	1e+07	-1e+07	0.00525966	2e+07	1.07788e+07	nan	904566	361	366
20090709	-26228.5	1e+07	-1e+07	-0.00262285	2e+07	1.05306e+07	nan	855808	347	375
20090710	-1512.99	1e+07	-1e+07	-0.000151299	2e+07	1.0336e+07	nan	827773	350	373
20090713	10407.1	1e+07	-1e+07	0.00104071	2e+07	1.02285e+07	nan	819289	347	373
20090714	32624.8	1e+07	-1e+07	0.00326248	2e+07	1.06049e+07	nan	819149	340	381
20090715	-15309.5	1e+07	-1e+07	-0.00153095	2e+07	1.03669e+07	nan	837913	356	364
20090716	-17574.5	1e+07	-1e+07	-0.00175745	2e+07	9.97294e+06	nan	781590	345	380
20090717	33638.5	1e+07	-1e+07	0.00336385	2e+07	9.86233e+06	nan	761842	365	358
20090720	29756.3	1e+07	-1e+07	0.00297563	2e+07	1.00137e+07	nan	770143	349	373
20090721	-25663.3	1e+07	-1e+07	-0.00256633	2e+07	1.00246e+07	nan	740667	363	355
20090722	20397.4	1e+07	-1e+07	0.00203974	2e+07	1.01566e+07	nan	775977	365	353
20090723	-17656.9	1e+07	-1e+07	-0.00176569	2e+07	1.02517e+07	nan	785994	352	368
20090724	-28459.1	1e+07	-1e+07	-0.00284591	2e+07	1.03286e+07	nan	754357	345	379
20090727	19010.3	1e+07	-1e+07	0.00190103	2e+07	9.59554e+06	nan	722521	357	371
20090728	-35772.6	1e+07	-1e+07	-0.00357726	2e+07	1.02625e+07	nan	740995	367	366
20090729	-1278.69	9.99999e+06	-9.99999e+06	-0.000127869	2e+07	9.94851e+06	nan	739216	362	371
20090730	34350.3	1e+07	-1e+07	0.00343503	2e+07	1.02989e+07	nan	806385	360	371
20090731	-1838.68	1e+07	-1e+07	-0.000183868	2e+07	1.03055e+07	nan	761206	358	366
20090803	9734.47	1e+07	-1e+07	0.000973447	2e+07	1.0559e+07	nan	776221	358	363
20090804	-9778.14	1e+07	-1e+07	-0.000977814	2e+07	1.06719e+07	nan	742829	365	358
20090805	44874.9	1e+07	-1e+07	0.00448749	2e+07	1.06541e+07	nan	764606	359	364
20090806	33291.9	1e+07	-1e+07	0.00332919	2e+07	1.03508e+07	nan	741074	358	365
20090807	16094.2	1e+07	-1e+07	0.00160942	2e+07	1.05658e+07	nan	743088	358	369
20090810	-20510.7	1e+07	-1e+07	-0.00205107	2e+07	1.09852e+07	nan	812265	363	365
20090811	24644.7	1e+07	-9.99999e+06	0.00246447	2e+07	1.07466e+07	nan	778040	352	370
20090812	51944.2	1e+07	-1e+07	0.00519442	2e+07	1.05238e+07	nan	763585	347	372
20090813	-27034.6	9.99999e+06	-9.99999e+06	-0.00270346	2e+07	1.09055e+07	nan	854368	358	359
20090814	100.314	1e+07	-9.99999e+06	1.00314e-05	2e+07	1.13724e+07	nan	881678	380	340
20090817	20329.8	1e+07	-1e+07	0.00203299	2e+07	1.12185e+07	nan	919092	376	347
20090818	26467.7	1e+07	-1e+07	0.00264677	2e+07	1.13279e+07	nan	963742	373	348
20090819	-3603.51	9.99999e+06	-9.99999e+06	-0.000360351	2e+07	1.12325e+07	nan	942469	369	352
20090820	15321.4	1e+07	-1e+07	0.00153214	2e+07	1.01743e+07	nan	935259	374	351
20090821	6704.32	1e+07	-1e+07	0.000670432	2e+07	1.03736e+07	nan	902342	355	367
20090824	-13098.1	1e+07	-1e+07	-0.00130981	2e+07	1.03231e+07	nan	842004	365	353
20090825	-20085.1	1e+07	-9.99999e+06	-0.00200851	2e+07	1.04166e+07	nan	833514	364	356
20090826	58066.6	1e+07	-1e+07	0.00580666	2e+07	9.95212e+06	nan	800987	366	351
20090827	79967.1	1e+07	-1e+07	0.0079967	2e+07	1.00942e+07	nan	795808	360	348
20090828	-14824.7	1e+07	-1e+07	-0.00148247	2e+07	1.03072e+07	nan	828187	364	345
20090831	46711.7	1e+07	-1e+07	0.00467117	2e+07	1.05034e+07	nan	841169	350	358
20090901	67905.6	1e+07	-1e+07	0.00679056	2e+07	1.08487e+07	nan	966835	367	338
20090902	31395.3	1e+07	-1e+07	0.00313953	2e+07	1.07336e+07	nan	955832	359	345
20090903	-71691.7	9.99999e+06	-1e+07	-0.00716917	2e+07	1.13533e+07	nan	970448	375	336
20090904	5823.48	1e+07	-1e+07	0.000582348	2e+07	1.13071e+07	nan	924469	357	349
20090907	33446.6	1e+07	-1e+07	0.00334466	2e+07	1.12411e+07	nan	932049	353	357
20090908	-38942.9	1e+07	-1e+07	-0.00389429	2e+07	1.13571e+07	nan	937725	354	359
20090909	7723.1	1e+07	-1e+07	0.000772309	2e+07	1.15639e+07	nan	882919	358	348
20090910	29121.1	1e+07	-1e+07	0.00291211	2e+07	1.15977e+07	nan	909461	354	350
20090911	-900.693	1e+07	-1e+07	-9.00693e-05	2e+07	1.169e+07	nan	931923	346	359
20090914	-34898	1e+07	-1e+07	-0.0034898	2e+07	1.07691e+07	nan	858166	349	352
20090915	22982.4	1e+07	-1e+07	0.00229824	2e+07	1.12248e+07	nan	877729	335	361
20090916	60427	1e+07	-1e+07	0.0060427	2e+07	1.13433e+07	nan	891695	337	358
20090917	12071.3	1e+07	-9.99999e+06	0.00120713	2e+07	1.10439e+07	nan	876204	341	359
20090918	-18292.2	1e+07	-1e+07	-0.00182922	2e+07	1.06565e+07	nan	833048	347	354
20090921	710.264	1e+07	-1e+07	7.10263e-05	2e+07	1.1602e+07	nan	918442	355	344
20090922	18443.9	1e+07	-1e+07	0.00184439	2e+07	1.10811e+07	nan	843535	356	343
20090923	40383.4	1e+07	-1e+07	0.00403834	2e+07	1.08046e+07	nan	866228	352	360
20090924	-60819.6	1e+07	-1e+07	-0.00608196	2e+07	1.08407e+07	nan	874276	350	360
20090925	-22069	1e+07	-1e+07	-0.0022069	2e+07	1.04781e+07	nan	829144	368	341
20090928	78605.7	1e+07	-1e+07	0.00786056	2e+07	1.04097e+07	nan	833446	366	340
20090929	-47658.6	1e+07	-1e+07	-0.00476586	2e+07	1.05813e+07	nan	924740	363	347
20090930	-6320.4	1e+07	-1e+07	-0.00063204	2e+07	1.05484e+07	nan	930727	363	347
20091009	-47033.5	1e+07	-1e+07	-0.00470334	2e+07	1.08789e+07	nan	976159	362	349
20091012	-5124.02	1e+07	-9.99999e+06	-0.000512401	2e+07	1.15101e+07	nan	955474	352	355
20091013	-22627.6	1e+07	-1e+07	-0.00226276	2e+07	1.17602e+07	nan	981042	361	357
20091014	-15931.2	1e+07	-1e+07	-0.00159312	2e+07	1.08639e+07	nan	894651	358	366
20091015	-24913.3	1e+07	-1e+07	-0.00249133	2e+07	1.09153e+07	nan	859041	362	363
20091016	12628.3	1e+07	-1e+07	0.00126283	2e+07	1.11551e+07	nan	859857	347	364
20091019	194.99	9.99999e+06	-1e+07	1.9499e-05	2e+07	1.11296e+07	nan	835246	351	358
20091020	36069.7	1e+07	-1e+07	0.00360697	2e+07	1.10175e+07	nan	851490	364	357
20091021	8633.15	1e+07	-1e+07	0.000863314	2e+07	1.10766e+07	nan	860211	356	360
20091022	13983.2	1e+07	-1e+07	0.00139832	2e+07	1.09898e+07	nan	834755	376	344
20091023	14755.6	1e+07	-1e+07	0.00147556	2e+07	1.14043e+07	nan	880542	384	354
20091026	-20698.9	1e+07	-1e+07	-0.00206989	2e+07	1.07213e+07	nan	829079	390	354
20091027	-31756	1e+07	-1e+07	-0.0031756	2e+07	1.06967e+07	nan	820931	386	351
20091028	15144.4	1e+07	-1e+07	0.00151444	2e+07	9.96558e+06	nan	758389	392	346
20091029	-24438.9	1e+07	-1e+07	-0.00244389	2e+07	1.06098e+07	nan	783531	380	352
20091030	21958.8	1e+07	-9.99999e+06	0.00219587	2e+07	1.09639e+07	nan	851839	372	355
20091102	-22791.4	1e+07	-1e+07	-0.00227914	2e+07	1.03061e+07	nan	800310	370	350
20091103	2008.02	1e+07	-1e+07	0.000200802	2e+07	1.10577e+07	nan	813805	383	339
20091104	2547.47	1e+07	-1e+07	0.000254747	2e+07	1.11128e+07	nan	824171	356	362
20091105	1214.17	1e+07	-1e+07	0.000121417	2e+07	1.06951e+07	nan	782516	357	364
20091106	38166	1e+07	-1e+07	0.0038166	2e+07	1.01676e+07	nan	743050	344	377
20091109	31567.4	1e+07	-1e+07	0.00315674	2e+07	1.02159e+07	nan	744460	355	373
20091110	-16130.7	1e+07	-1e+07	-0.00161307	2e+07	1.03547e+07	nan	723035	344	386
20091111	19471.3	1e+07	-1e+07	0.00194713	2e+07	1.05002e+07	nan	777695	348	382
20091112	-2066.99	1e+07	-1e+07	-0.000206699	2e+07	1.04944e+07	nan	747955	353	376
20091113	-2404.12	1e+07	-1e+07	-0.000240412	2e+07	1.12644e+07	nan	791338	340	385
20091116	5822.71	1e+07	-1e+07	0.000582271	2e+07	1.16147e+07	nan	832133	363	354
20091117	19248.4	1e+07	-1e+07	0.00192484	2e+07	1.25378e+07	nan	800742	347	350
20091118	14383.8	1e+07	-1e+07	0.00143838	2e+07	1.18468e+07	nan	799334	350	340
20091119	-3527.94	1e+07	-1e+07	-0.000352794	2e+07	1.1164e+07	nan	793620	339	349
20091120	36575.5	1e+07	-1e+07	0.00365755	2e+07	1.10216e+07	nan	765807	349	352
20091123	26443.5	1e+07	-1e+07	0.00264435	2e+07	1.12727e+07	nan	751451	359	352
20091124	-2390.26	1e+07	-1e+07	-0.000239026	2e+07	1.13568e+07	nan	768164	368	363
20091125	60784.5	1e+07	-1e+07	0.00607845	2e+07	1.09624e+07	nan	802860	386	364
20091126	91256.7	1e+07	-1e+07	0.00912567	2e+07	1.06098e+07	nan	720415	370	383
20091127	33395.5	1e+07	-1e+07	0.00333954	2e+07	1.10061e+07	nan	748386	365	372
20091130	-13153.6	1e+07	-1e+07	-0.00131536	2e+07	1.02753e+07	nan	742454	372	355
20091201	2523.86	1e+07	-1e+07	0.000252386	2e+07	1.02724e+07	nan	707550	347	367
20091202	31943.8	1e+07	-9.99999e+06	0.00319438	2e+07	1.00567e+07	nan	676405	366	347
20091203	-35504.1	1e+07	-1e+07	-0.00355041	2e+07	1.09096e+07	nan	716609	351	347
20091204	-49794.7	1e+07	-1e+07	-0.00497947	2e+07	1.11708e+07	nan	759574	352	357
20091207	-41300.9	9.99999e+06	-1e+07	-0.00413009	2e+07	1.10834e+07	nan	756996	352	354
20091208	8234.28	1e+07	-1e+07	0.000823428	2e+07	1.09419e+07	nan	721655	368	346
20091209	4505.22	1e+07	-1e+07	0.000450522	2e+07	1.11253e+07	nan	756046	369	348
20091210	-10802.2	1e+07	-1e+07	-0.00108022	2e+07	1.08833e+07	nan	756122	362	365
20091211	-84.3498	1e+07	-1e+07	-8.43498e-06	2e+07	1.07683e+07	nan	734108	364	360
20091214	-7312.42	1e+07	-1e+07	-0.000731241	2e+07	1.12384e+07	nan	779597	347	381
20091215	-23763.7	1e+07	-1e+07	-0.00237637	2e+07	1.15875e+07	nan	780149	347	375
20091216	-17559.3	1e+07	-1e+07	-0.00175593	2e+07	1.14616e+07	nan	742746	358	357
20091217	55443.2	9.99999e+06	-1e+07	0.00554432	2e+07	1.09013e+07	nan	741909	351	362
20091218	10385.2	1e+07	-9.99999e+06	0.00103852	2e+07	1.08226e+07	nan	744728	363	349
20091221	-11984.8	1e+07	-1e+07	-0.00119848	2e+07	1.01533e+07	nan	702800	359	347
20091222	10463.8	1e+07	-1e+07	0.00104638	2e+07	1.07311e+07	nan	741067	350	350
20091223	18505.3	9.99999e+06	-1e+07	0.00185053	2e+07	1.10478e+07	nan	789670	345	351
20091224	-39595.4	1e+07	-9.99999e+06	-0.00395954	2e+07	1.07015e+07	nan	755092	346	343
20091225	-7229.11	1e+07	-1e+07	-0.000722911	2e+07	1.10511e+07	nan	757170	346	341
20091228	-3665.67	9.99999e+06	-9.99999e+06	-0.000366567	2e+07	1.09896e+07	nan	752403	343	343
20091229	11831.2	1e+07	-1e+07	0.00118312	2e+07	1.15065e+07	nan	728805	326	345
20091230	-34414.1	1e+07	-1e+07	-0.00344141	2e+07	1.14801e+07	nan	745255	332	341
20091231	-18851.7	9.99999e+06	-1e+07	-0.00188516	2e+07	1.10549e+07	nan	700928	339	323
20100104	18646.2	1e+07	-1e+07	0.00186462	2e+07	1.07881e+07	nan	699465	333	323
20100105	28620	9.99999e+06	-9.99999e+06	0.002862	2e+07	1.8014e+07	nan	1.16939e+06	628	695
20100106	5701.68	1e+07	-1e+07	0.000570168	2e+07	1.2519e+07	nan	738567	685	682
20100107	-9044.12	1e+07	-1e+07	-0.000904412	2e+07	1.18445e+07	nan	695779	684	698
20100108	22027	1e+07	-9.99999e+06	0.0022027	2e+07	1.15972e+07	nan	702543	710	697
20100111	8160.07	1e+07	-1e+07	0.000816008	2e+07	1.14773e+07	nan	667028	727	689
20100112	-26021.6	1e+07	-1e+07	-0.00260216	2e+07	1.10716e+07	nan	645589	692	705
20100113	-7218.89	9.99999e+06	-9.99999e+06	-0.000721889	2e+07	1.14371e+07	nan	643724	709	683
20100114	13479.9	9.99999e+06	-9.99999e+06	0.00134799	2e+07	1.12518e+07	nan	648439	715	680
20100115	-25751.5	1e+07	-1e+07	-0.00257515	2e+07	1.08692e+07	nan	616622	694	707
20100118	-240.033	1e+07	-1e+07	-2.40033e-05	2e+07	1.1158e+07	nan	599418	703	694
20100119	32776.2	1e+07	-9.99999e+06	0.00327761	2e+07	1.15268e+07	nan	626678	702	702
20100120	-20871.5	1e+07	-1e+07	-0.00208715	2e+07	1.12471e+07	nan	623312	715	689
20100121	-4906.18	1e+07	-1e+07	-0.000490618	2e+07	1.13347e+07	nan	652504	698	700
20100122	11435.7	9.99999e+06	-1e+07	0.00114357	2e+07	1.15026e+07	nan	662260	681	715
20100125	15643.5	9.99999e+06	-1e+07	0.00156435	2e+07	1.12736e+07	nan	673625	686	736
20100126	13973.1	1e+07	-1e+07	0.00139732	2e+07	1.13003e+07	nan	665071	677	739
20100127	8894.69	1e+07	-1e+07	0.000889469	2e+07	1.06464e+07	nan	665818	694	727
20100128	2662.4	1e+07	-1e+07	0.00026624	2e+07	1.01887e+07	nan	643126	685	741
20100129	-25744.8	1e+07	-1e+07	-0.00257448	2e+07	1.06737e+07	nan	639846	700	714
20100201	-36375.8	1e+07	-1e+07	-0.00363758	2e+07	1.08333e+07	nan	654000	698	716
20100202	29820.1	9.99999e+06	-1e+07	0.00298201	2e+07	1.13704e+07	nan	684463	692	724
20100203	16468.3	1e+07	-1e+07	0.00164683	2e+07	1.07606e+07	nan	678044	691	727
20100204	-15391.7	9.99999e+06	-1e+07	-0.00153917	2e+07	1.10036e+07	nan	651619	675	734
20100205	-41089.9	1e+07	-9.99999e+06	-0.004109	2e+07	1.06714e+07	nan	669341	681	743
20100208	-8165.31	9.99999e+06	-1e+07	-0.000816531	2e+07	1.07846e+07	nan	667828	709	713
20100209	-4685.68	1e+07	-1e+07	-0.000468568	2e+07	1.10922e+07	nan	679946	712	703
20100210	2694.69	1e+07	-9.99999e+06	0.000269469	2e+07	1.09838e+07	nan	690239	715	699
20100211	-20836.7	1e+07	-1e+07	-0.00208367	2e+07	1.08798e+07	nan	671217	736	688
20100212	-248.3	1e+07	-1e+07	-2.483e-05	2e+07	1.09965e+07	nan	681715	704	717
20100222	-13859	1e+07	-1e+07	-0.0013859	2e+07	1.08504e+07	nan	666899	703	731
20100223	-15810.8	1e+07	-1e+07	-0.00158108	2e+07	1.1089e+07	nan	673090	707	742
20100224	61.7349	1e+07	-1e+07	6.17349e-06	2e+07	1.10831e+07	nan	660992	726	722
20100225	2629.33	1e+07	-1e+07	0.000262933	2e+07	1.09253e+07	nan	637729	723	728
20100226	13260.2	1e+07	-9.99999e+06	0.00132602	2e+07	1.12817e+07	nan	640604	712	729
20100301	-17694.9	1e+07	-1e+07	-0.00176949	2e+07	1.12591e+07	nan	638226	684	722
20100302	-15751.3	9.99999e+06	-9.99999e+06	-0.00157513	2e+07	1.10282e+07	nan	629116	659	745
20100303	-7881.95	1e+07	-1e+07	-0.000788195	2e+07	1.08281e+07	nan	621106	666	726
20100304	-14045.4	1e+07	-1e+07	-0.00140454	2e+07	1.07001e+07	nan	605271	659	729
20100305	-6562.79	1e+07	-1e+07	-0.000656279	2e+07	1.0455e+07	nan	627172	658	747
20100308	-11863.9	1e+07	-1e+07	-0.00118639	2e+07	1.06237e+07	nan	607360	694	728
20100309	-6076.79	9.99999e+06	-1e+07	-0.000607679	2e+07	1.06181e+07	nan	618618	693	734
20100310	9343.95	1e+07	-1e+07	0.000934396	2e+07	1.05347e+07	nan	614407	711	738
20100311	-18998	9.99999e+06	-9.99999e+06	-0.0018998	2e+07	1.09718e+07	nan	639658	688	770
20100312	-6143.03	9.99999e+06	-9.99999e+06	-0.000614303	2e+07	1.08666e+07	nan	644028	721	746
20100315	-1903.3	9.99999e+06	-9.99999e+06	-0.00019033	2e+07	1.12204e+07	nan	660588	705	771
20100316	5131.32	1e+07	-1e+07	0.000513132	2e+07	1.11732e+07	nan	661656	717	760
20100317	-9265.2	1e+07	-1e+07	-0.000926519	2e+07	1.10517e+07	nan	658792	726	749
20100318	-5354.07	1e+07	-1e+07	-0.000535407	2e+07	1.08261e+07	nan	606282	732	747
20100319	858.356	1e+07	-9.99999e+06	8.58355e-05	2e+07	1.11878e+07	nan	625304	690	769
20100322	-2214.2	1e+07	-9.99999e+06	-0.00022142	2e+07	1.13812e+07	nan	632629	711	746
20100323	6754.15	1e+07	-1e+07	0.000675415	2e+07	1.13099e+07	nan	635789	697	750
20100324	19207.9	1e+07	-1e+07	0.00192079	2e+07	1.08178e+07	nan	630666	685	759
20100325	41700.8	9.99999e+06	-1e+07	0.00417008	2e+07	1.08634e+07	nan	609693	702	746
20100326	-30664.7	1e+07	-1e+07	-0.00306647	2e+07	1.10747e+07	nan	601203	693	754
20100329	-5317.79	1e+07	-1e+07	-0.000531779	2e+07	1.11162e+07	nan	611748	704	743
20100330	10351.8	1e+07	-1e+07	0.00103518	2e+07	1.1027e+07	nan	611272	698	750
20100331	-5230.24	9.99999e+06	-1e+07	-0.000523024	2e+07	1.08232e+07	nan	581634	706	728
20100401	-2565.32	1e+07	-1e+07	-0.000256532	2e+07	1.0952e+07	nan	587800	720	688
20100402	4046.42	1e+07	-1e+07	0.000404642	2e+07	1.10314e+07	nan	578927	733	697
20100406	-3036.62	1e+07	-1e+07	-0.000303662	2e+07	1.11125e+07	nan	575446	735	695
20100407	11059.2	1e+07	-1e+07	0.00110592	2e+07	1.11414e+07	nan	581346	730	703
20100408	-6520.81	1e+07	-1e+07	-0.00065208	2e+07	1.05989e+07	nan	564540	743	702
20100409	-23214.5	9.99999e+06	-1e+07	-0.00232144	2e+07	1.0988e+07	nan	569361	743	711
20100412	-13029.7	1e+07	-1e+07	-0.00130297	2e+07	1.11261e+07	nan	552154	728	695
20100413	33145.7	1e+07	-1e+07	0.00331456	2e+07	1.11496e+07	nan	560317	709	698
20100414	10048.4	1e+07	-9.99999e+06	0.00100484	2e+07	1.10864e+07	nan	585452	733	672
20100415	1017.48	1e+07	-1e+07	0.000101749	2e+07	1.09968e+07	nan	585675	709	705
20100416	-14753.7	1e+07	-1e+07	-0.00147537	2e+07	1.13346e+07	nan	563739	707	696
20100419	26122.8	1e+07	-1e+07	0.00261228	2e+07	1.2242e+07	nan	595198	680	686
20100420	60122	1e+07	-1e+07	0.00601219	2e+07	1.21062e+07	nan	653534	689	687
20100421	-21387.5	1e+07	-9.99999e+06	-0.00213875	2e+07	1.18092e+07	nan	614702	653	688
20100422	-9447.73	1e+07	-1e+07	-0.000944773	2e+07	1.17798e+07	nan	605310	696	635
20100423	14377.1	9.99999e+06	-1e+07	0.00143771	2e+07	1.21019e+07	nan	586136	676	640
20100426	6150.34	1e+07	-9.99999e+06	0.000615034	2e+07	1.2222e+07	nan	603348	670	660
20100427	12067.2	1e+07	-1e+07	0.00120672	2e+07	1.24104e+07	nan	601652	664	659
20100428	-9860.31	1e+07	-1e+07	-0.000986031	2e+07	1.21604e+07	nan	652206	669	675
20100429	2347.31	1e+07	-1e+07	0.000234731	2e+07	1.19945e+07	nan	617815	645	671
20100430	36631.4	1e+07	-1e+07	0.00366314	2e+07	1.20199e+07	nan	665292	666	672
20100504	-35898.8	1e+07	-1e+07	-0.00358988	2e+07	1.15615e+07	nan	672741	653	716
20100505	-11168.5	1e+07	-1e+07	-0.00111685	2e+07	1.13946e+07	nan	667881	669	732
20100506	-33803.8	1e+07	-1e+07	-0.00338038	2e+07	1.19492e+07	nan	665962	664	758
20100507	27295.1	1e+07	-1e+07	0.00272951	2e+07	1.20739e+07	nan	699680	682	762
20100510	64517.4	1e+07	-1e+07	0.00645174	2e+07	1.17668e+07	nan	668365	698	740
20100511	-18063.2	1e+07	-1e+07	-0.00180632	2e+07	1.1721e+07	nan	690582	686	730
20100512	-36364	1e+07	-1e+07	-0.0036364	2e+07	1.14502e+07	nan	692216	676	713
20100513	-727.113	1e+07	-1e+07	-7.27113e-05	2e+07	1.11203e+07	nan	688782	668	705
20100514	-7758.99	1e+07	-1e+07	-0.000775898	2e+07	1.09855e+07	nan	666198	645	726
20100517	5986.83	9.99999e+06	-1e+07	0.000598683	2e+07	1.13208e+07	nan	676905	668	705
20100518	-21048.7	1e+07	-1e+07	-0.00210488	2e+07	1.16458e+07	nan	760781	687	706
20100519	-32254.9	1e+07	-1e+07	-0.00322549	2e+07	1.22363e+07	nan	744103	657	705
20100520	-25373.3	1e+07	-9.99999e+06	-0.00253733	2e+07	1.16631e+07	nan	726720	658	701
20100521	-26937.7	1e+07	-1e+07	-0.00269377	2e+07	1.1443e+07	nan	729325	653	700
20100524	20041.1	1e+07	-1e+07	0.00200411	2e+07	1.16453e+07	nan	716603	657	671
20100525	-10847.8	1e+07	-1e+07	-0.00108478	2e+07	1.13224e+07	nan	698674	637	694
20100526	7796.21	1e+07	-1e+07	0.000779621	2e+07	1.19632e+07	nan	728832	684	702
20100527	4081.89	1e+07	-1e+07	0.000408189	2e+07	1.14469e+07	nan	707526	682	704
20100528	5567.43	1e+07	-1e+07	0.000556742	2e+07	1.08655e+07	nan	665258	675	735
20100531	3967.82	1e+07	-9.99999e+06	0.000396782	2e+07	1.13447e+07	nan	654918	685	753
20100601	716.18	1e+07	-1e+07	7.1618e-05	2e+07	1.13022e+07	nan	680776	687	746
20100602	-20652.1	1e+07	-1e+07	-0.00206521	2e+07	1.10648e+07	nan	705015	700	748
20100603	9858.13	1e+07	-1e+07	0.000985813	2e+07	1.10418e+07	nan	702772	722	750
20100604	972.776	1e+07	-1e+07	9.72776e-05	2e+07	1.15742e+07	nan	725320	703	765
20100607	-9732.2	1e+07	-1e+07	-0.00097322	2e+07	1.14396e+07	nan	698431	705	788
20100608	24785.7	9.99999e+06	-1e+07	0.00247857	2e+07	1.12225e+07	nan	690169	739	774
20100609	30668	9.99999e+06	-1e+07	0.0030668	2e+07	1.16553e+07	nan	714639	745	763
20100610	-50425.6	9.99999e+06	-1e+07	-0.00504256	2e+07	1.14527e+07	nan	695917	724	785
20100611	-6716.82	1e+07	-1e+07	-0.000671683	2e+07	1.13991e+07	nan	676175	738	770
20100617	36837.4	1e+07	-1e+07	0.00368374	2e+07	1.1251e+07	nan	683450	730	775
20100618	5032.72	1e+07	-1e+07	0.000503272	2e+07	1.18472e+07	nan	680680	712	750
20100621	-17621.4	9.99999e+06	-1e+07	-0.00176214	2e+07	2.83852e+07	nan	2.02101e+06	347	326
20100622	6327.92	1e+07	-1e+07	0.000632792	2e+07	2.15243e+07	nan	1.49872e+06	706	708
20100623	6303.26	1e+07	-1e+07	0.000630325	2e+07	1.43486e+07	nan	893687	699	711
20100624	3068.54	1e+07	-1e+07	0.000306854	2e+07	1.26392e+07	nan	804036	685	724
20100625	38728.7	9.99999e+06	-9.99999e+06	0.00387287	2e+07	1.17281e+07	nan	759720	706	751
20100628	6440.08	1e+07	-1e+07	0.000644009	2e+07	1.19015e+07	nan	724489	716	761
20100629	37407.3	9.99999e+06	-1e+07	0.00374073	2e+07	1.20375e+07	nan	719047	719	733
20100630	-37333	1e+07	-1e+07	-0.0037333	2e+07	1.14343e+07	nan	765870	726	714
20100701	2698.58	1e+07	-1e+07	0.000269858	2e+07	1.12655e+07	nan	773047	729	710
20100702	-14433.8	1e+07	-1e+07	-0.00144338	2e+07	1.09517e+07	nan	765969	740	715
20100705	-620.03	1e+07	-1e+07	-6.2003e-05	2e+07	1.10232e+07	nan	777098	741	745
20100706	-32723.8	1e+07	-1e+07	-0.00327238	2e+07	1.13646e+07	nan	797189	758	768
20100707	-23903.6	1e+07	-1e+07	-0.00239036	2e+07	1.1365e+07	nan	772555	757	797
20100708	-16430.4	1e+07	-1e+07	-0.00164304	2e+07	1.14513e+07	nan	770465	770	804
20100709	4502.19	9.99999e+06	-9.99999e+06	0.000450219	2e+07	1.13442e+07	nan	779712	775	797
20100712	996.092	9.99999e+06	-1e+07	9.96092e-05	2e+07	1.12809e+07	nan	751188	771	789
20100713	-21415.2	9.99999e+06	-9.99999e+06	-0.00214152	2e+07	1.14244e+07	nan	748586	759	800
20100714	-9148.31	1e+07	-1e+07	-0.000914832	2e+07	1.07516e+07	nan	744774	759	808
20100715	23489	1e+07	-1e+07	0.0023489	2e+07	1.06149e+07	nan	721861	742	826
20100716	-28756.7	1e+07	-1e+07	-0.00287567	2e+07	1.04938e+07	nan	721006	770	795
20100719	6527.83	1e+07	-1e+07	0.000652783	2e+07	1.05092e+07	nan	687453	769	795
20100720	-2469.48	9.99999e+06	-9.99999e+06	-0.000246948	2e+07	1.06374e+07	nan	697408	763	801
20100721	6017.17	1e+07	-1e+07	0.000601717	2e+07	1.04725e+07	nan	659748	779	779
20100722	-11808.1	1e+07	-1e+07	-0.00118081	2e+07	1.04031e+07	nan	655738	761	786
20100723	-17335.7	1e+07	-1e+07	-0.00173357	2e+07	1.11491e+07	nan	696021	778	770
20100726	-9753.16	1e+07	-1e+07	-0.000975315	2e+07	1.11549e+07	nan	713515	753	805
20100727	-7719.65	1e+07	-1e+07	-0.000771964	2e+07	1.10674e+07	nan	693332	753	808
20100728	-6945.36	1e+07	-9.99999e+06	-0.000694536	2e+07	1.11756e+07	nan	688839	770	797
20100729	1684.08	1e+07	-1e+07	0.000168408	2e+07	1.11117e+07	nan	649948	785	776
20100730	8459.04	1e+07	-9.99999e+06	0.000845904	2e+07	1.14114e+07	nan	698435	771	778
20100802	5987.17	1e+07	-1e+07	0.000598717	2e+07	1.09992e+07	nan	681730	791	767
20100803	-6437.08	1e+07	-1e+07	-0.000643708	2e+07	1.11317e+07	nan	647201	762	796
20100804	-6064.66	1e+07	-1e+07	-0.000606466	2e+07	1.10054e+07	nan	681116	769	793
20100805	-25745.9	1e+07	-1e+07	-0.00257459	2e+07	1.08295e+07	nan	657654	765	809
20100806	-1993.07	1e+07	-1e+07	-0.000199307	2e+07	1.0886e+07	nan	649304	774	808
20100809	2100.75	1e+07	-1e+07	0.000210075	2e+07	1.08836e+07	nan	643582	799	791
20100810	-10201.1	1e+07	-1e+07	-0.00102011	2e+07	1.08128e+07	nan	611936	802	784
20100811	-2106.57	9.99999e+06	-1e+07	-0.000210657	2e+07	1.0961e+07	nan	637543	813	770
20100812	3873.74	9.99999e+06	-9.99999e+06	0.000387375	2e+07	1.09052e+07	nan	621315	778	800
20100813	-15245.5	1e+07	-1e+07	-0.00152455	2e+07	1.1201e+07	nan	641659	814	770
20100816	-16610	1e+07	-1e+07	-0.00166101	2e+07	1.11387e+07	nan	640061	795	781
20100817	-3401.4	1e+07	-1e+07	-0.00034014	2e+07	1.15177e+07	nan	634951	775	776
20100818	-2612.87	1e+07	-1e+07	-0.000261287	2e+07	1.14454e+07	nan	645545	773	785
20100819	12641.6	9.99999e+06	-1e+07	0.00126416	2e+07	1.13784e+07	nan	631866	769	780
20100820	12765.1	1e+07	-1e+07	0.00127651	2e+07	1.10796e+07	nan	630225	749	793
20100823	10361.1	1e+07	-1e+07	0.00103611	2e+07	1.11355e+07	nan	646972	748	809
20100824	-2179.4	1e+07	-9.99999e+06	-0.000217939	2e+07	1.10625e+07	nan	631702	766	802
20100825	3158.66	9.99999e+06	-1e+07	0.000315866	2e+07	1.0856e+07	nan	614208	768	798
20100826	2439.41	1e+07	-1e+07	0.000243941	2e+07	1.08265e+07	nan	623009	820	752
20100827	11194	9.99999e+06	-9.99999e+06	0.0011194	2e+07	1.03642e+07	nan	605715	793	782
20100830	-11165.9	1e+07	-1e+07	-0.00111659	2e+07	1.08602e+07	nan	602313	768	791
20100831	198.778	1e+07	-1e+07	1.98778e-05	2e+07	1.09711e+07	nan	590582	778	780
20100901	-2694.43	1e+07	-1e+07	-0.000269443	2e+07	1.11093e+07	nan	606473	793	770
20100902	35780	1e+07	-1e+07	0.00357799	2e+07	1.12253e+07	nan	610508	773	793
20100903	4976.01	9.99999e+06	-9.99999e+06	0.000497601	2e+07	1.13716e+07	nan	611179	767	800
20100906	-25024.3	9.99998e+06	-9.99999e+06	-0.00250243	2e+07	1.15867e+07	nan	607695	781	794
20100907	1881.03	1e+07	-1e+07	0.000188104	2e+07	1.15938e+07	nan	619458	774	808
20100908	22566.3	9.99999e+06	-9.99999e+06	0.00225663	2e+07	1.16461e+07	nan	616941	770	812
20100909	-20400.7	1e+07	-1e+07	-0.00204007	2e+07	1.13927e+07	nan	608733	775	798
20100910	7142	1e+07	-9.99999e+06	0.0007142	2e+07	1.10452e+07	nan	601105	774	796
20100913	-16257.8	1e+07	-1e+07	-0.00162578	2e+07	1.12528e+07	nan	573259	774	793
20100914	3533.56	1e+07	-1e+07	0.000353356	2e+07	1.12029e+07	nan	566753	742	813
20100915	-22351.1	1e+07	-1e+07	-0.00223511	2e+07	1.10091e+07	nan	574939	731	830
20100916	14877.9	9.99999e+06	-9.99999e+06	0.00148779	2e+07	1.12857e+07	nan	582757	739	803
20100917	-14378.4	1e+07	-9.99999e+06	-0.00143784	2e+07	1.13411e+07	nan	587505	767	765
20100920	24209.3	1e+07	-1e+07	0.00242093	2e+07	1.14569e+07	nan	620730	755	774
20100921	6498.28	1e+07	-1e+07	0.000649828	2e+07	1.12047e+07	nan	603438	794	739
20100927	-15801.4	1e+07	-1e+07	-0.00158014	2e+07	1.10324e+07	nan	615114	778	761
20100928	28565.4	1e+07	-1e+07	0.00285654	2e+07	1.11476e+07	nan	577859	777	758
20100929	-700.863	1e+07	-1e+07	-7.00863e-05	2e+07	1.10088e+07	nan	588962	782	764
20100930	5607.08	9.99999e+06	-1e+07	0.000560709	2e+07	1.10772e+07	nan	609842	781	779
20101008	14842	1e+07	-9.99999e+06	0.0014842	2e+07	1.10759e+07	nan	595080	786	793
20101011	24928.6	1e+07	-9.99999e+06	0.00249286	2e+07	1.1097e+07	nan	602058	799	785
20101012	23112.7	9.99998e+06	-1e+07	0.00231127	2e+07	1.07925e+07	nan	585324	847	769
20101013	26235.4	1e+07	-1e+07	0.00262355	2e+07	1.10324e+07	nan	568084	846	774
20101014	36725.4	1e+07	-9.99999e+06	0.00367255	2e+07	1.09224e+07	nan	571064	861	763
20101015	-24220.4	1e+07	-1e+07	-0.00242204	2e+07	1.07526e+07	nan	572245	863	758
20101018	10130.9	1e+07	-1e+07	0.00101308	2e+07	1.07976e+07	nan	575295	848	768
20101019	-35283.9	1e+07	-9.99999e+06	-0.00352839	2e+07	1.11065e+07	nan	588977	862	749
20101020	-27460.4	1e+07	-1e+07	-0.00274604	2e+07	1.09982e+07	nan	559756	821	799
20101021	2708.77	9.99999e+06	-9.99999e+06	0.000270877	2e+07	1.09491e+07	nan	565267	832	799
20101022	-11448.1	1e+07	-1e+07	-0.00114481	2e+07	1.1394e+07	nan	590731	850	790
20101025	-40567.7	1e+07	-1e+07	-0.00405677	2e+07	1.10976e+07	nan	568903	833	817
20101026	38564.2	1e+07	-1e+07	0.00385642	2e+07	1.12189e+07	nan	544691	825	826
20101027	-2813.26	1e+07	-1e+07	-0.000281326	2e+07	1.12067e+07	nan	537098	835	809
20101028	-34875.3	1e+07	-1e+07	-0.00348752	2e+07	1.18338e+07	nan	573020	819	819
20101029	-3134.42	1e+07	-9.99999e+06	-0.000313442	2e+07	1.15579e+07	nan	570962	797	834
20101101	23866.1	1e+07	-9.99999e+06	0.00238661	2e+07	1.14819e+07	nan	554435	821	813
20101102	9874.46	9.99999e+06	-9.99999e+06	0.000987446	2e+07	1.13736e+07	nan	529422	803	832
20101103	-3623.45	9.99999e+06	-9.99999e+06	-0.000362345	2e+07	1.10467e+07	nan	522887	819	818
20101104	-4437.35	1e+07	-1e+07	-0.000443736	2e+07	1.13156e+07	nan	542975	819	834
20101105	15954.9	9.99999e+06	-9.99999e+06	0.00159549	2e+07	1.13139e+07	nan	521251	824	836
20101108	7718.74	9.99999e+06	-9.99999e+06	0.000771875	2e+07	1.11529e+07	nan	512432	823	835
20101109	35871.7	1e+07	-9.99999e+06	0.00358717	2e+07	1.11013e+07	nan	476392	812	833
20101110	3080.33	1e+07	-1e+07	0.000308033	2e+07	1.10179e+07	nan	486101	801	840
20101111	10014.6	1e+07	-1e+07	0.00100146	2e+07	1.11538e+07	nan	483185	795	835
20101112	-990.117	1e+07	-1e+07	-9.90117e-05	2e+07	1.1173e+07	nan	499650	794	819
20101115	-33295	1e+07	-1e+07	-0.0033295	2e+07	1.11735e+07	nan	532850	778	818
20101116	22270.8	1e+07	-1e+07	0.00222708	2e+07	1.10613e+07	nan	505395	775	823
20101117	-9083.37	1e+07	-1e+07	-0.000908337	2e+07	1.08246e+07	nan	508527	783	805
20101118	-14543.7	1e+07	-1e+07	-0.00145437	2e+07	1.05428e+07	nan	521372	773	823
20101119	-13206.3	9.99999e+06	-9.99999e+06	-0.00132063	2e+07	1.10465e+07	nan	544042	792	811
20101122	-17318.5	1e+07	-1e+07	-0.00173185	2e+07	1.05971e+07	nan	492182	797	827
20101123	-34765.4	1e+07	-9.99999e+06	-0.00347654	2e+07	1.10308e+07	nan	494754	804	832
20101124	15849.7	1e+07	-1e+07	0.00158498	2e+07	1.07538e+07	nan	508140	784	859
20101125	-1446.91	9.99999e+06	-1e+07	-0.000144691	2e+07	1.05106e+07	nan	474883	795	858
20101126	-3468.88	9.99999e+06	-9.99999e+06	-0.000346888	2e+07	1.0843e+07	nan	498627	801	854
20101129	2232.81	1e+07	-1e+07	0.000223281	2e+07	1.08892e+07	nan	495518	813	846
20101130	777.036	1e+07	-1e+07	7.77036e-05	2e+07	1.09142e+07	nan	482264	824	829
20101201	9120.18	9.99999e+06	-1e+07	0.000912018	2e+07	1.07983e+07	nan	491889	829	835
20101202	14678.1	1e+07	-1e+07	0.00146781	2e+07	1.14153e+07	nan	518173	813	852
20101203	1675.49	1e+07	-9.99999e+06	0.000167549	2e+07	1.13382e+07	nan	521875	830	830
20101206	-14435.5	1e+07	-1e+07	-0.00144355	2e+07	1.15571e+07	nan	523128	827	828
20101207	-6318.67	1e+07	-1e+07	-0.000631867	2e+07	1.12974e+07	nan	526522	808	840
20101208	-1269.43	1e+07	-1e+07	-0.000126942	2e+07	1.12848e+07	nan	531674	797	856
20101209	32482.2	1e+07	-1e+07	0.00324822	2e+07	1.16811e+07	nan	535834	809	842
20101210	8176.45	9.99999e+06	-1e+07	0.000817645	2e+07	1.13926e+07	nan	536662	809	839
20101213	7946.78	9.99999e+06	-9.99999e+06	0.000794678	2e+07	1.16834e+07	nan	551946	811	848
20101214	-15757.7	9.99999e+06	-1e+07	-0.00157577	2e+07	1.1729e+07	nan	522660	791	876
20101215	40520.7	1e+07	-1e+07	0.00405207	2e+07	1.13035e+07	nan	500152	802	874
20101216	-7339.01	1e+07	-9.99999e+06	-0.000733901	2e+07	1.13975e+07	nan	493225	787	866
20101217	-2063.44	1e+07	-1e+07	-0.000206344	2e+07	1.13926e+07	nan	508152	804	845
20101220	-495.419	1e+07	-1e+07	-4.95419e-05	2e+07	1.09864e+07	nan	483294	807	841
20101221	-159.198	1e+07	-9.99999e+06	-1.59198e-05	2e+07	1.13357e+07	nan	489766	802	850
20101222	6913.08	1e+07	-1e+07	0.000691309	2e+07	1.11612e+07	nan	493094	816	825
20101223	-10174.4	1e+07	-1e+07	-0.00101744	2e+07	1.09783e+07	nan	496544	847	803
20101224	-147.804	9.99998e+06	-1e+07	-1.47804e-05	2e+07	1.12262e+07	nan	501855	848	801
20101227	-11886.2	1e+07	-1e+07	-0.00118862	2e+07	1.164e+07	nan	530590	840	805
20101228	10485.5	1e+07	-1e+07	0.00104855	2e+07	1.22273e+07	nan	558728	807	823
20101229	-18058	1e+07	-1e+07	-0.0018058	2e+07	1.19304e+07	nan	583013	815	818
20101230	-6249.69	1e+07	-1e+07	-0.000624968	2e+07	1.16971e+07	nan	550773	819	813
20101231	-4248.76	1e+07	-1e+07	-0.000424876	2e+07	1.15392e+07	nan	538720	794	838
20110104	2406.19	1e+07	-1e+07	0.000240618	2e+07	1.16463e+07	nan	547351	817	828
20110105	30622.2	1e+07	-1e+07	0.00306222	2e+07	1.18404e+07	nan	558557	815	866
20110106	-5887.86	1e+07	-1e+07	-0.000588786	2e+07	1.20144e+07	nan	540910	796	891
20110107	865.292	1e+07	-1e+07	8.65292e-05	2e+07	1.15276e+07	nan	533338	826	869
20110110	-6306.07	1e+07	-1e+07	-0.000630607	2e+07	1.16992e+07	nan	542142	829	883
20110111	23449.3	1e+07	-9.99999e+06	0.00234493	2e+07	1.16427e+07	nan	557319	835	882
20110112	7081.45	1e+07	-9.99999e+06	0.000708145	2e+07	1.15091e+07	nan	563756	842	872
20110113	-14305.5	1e+07	-1e+07	-0.00143055	2e+07	1.13452e+07	nan	549867	872	840
20110114	16403.7	1e+07	-1e+07	0.00164037	2e+07	1.11226e+07	nan	528813	882	834
20110117	9656.52	1e+07	-1e+07	0.000965651	2e+07	1.10202e+07	nan	536170	890	831
20110118	8031.57	1e+07	-9.99999e+06	0.000803157	2e+07	1.12979e+07	nan	557211	878	844
20110119	-27167	1e+07	-1e+07	-0.0027167	2e+07	1.1363e+07	nan	581724	865	846
20110120	21206.7	1e+07	-1e+07	0.00212067	2e+07	1.09778e+07	nan	551732	854	869
20110121	4645.96	1e+07	-1e+07	0.000464596	2e+07	1.10655e+07	nan	564756	846	871
20110124	12757.3	1e+07	-1e+07	0.00127573	2e+07	1.12059e+07	nan	575214	865	853
20110125	29901.3	9.99999e+06	-9.99999e+06	0.00299013	2e+07	1.11342e+07	nan	563559	869	842
20110126	-8092.02	1e+07	-1e+07	-0.000809203	2e+07	1.10713e+07	nan	600598	870	846
20110127	-17169.2	1e+07	-1e+07	-0.00171692	2e+07	1.16305e+07	nan	605899	844	860
20110128	13375	1e+07	-1e+07	0.0013375	2e+07	1.12882e+07	nan	575644	834	867
20110131	37916.3	1e+07	-1e+07	0.00379163	2e+07	1.13923e+07	nan	591974	823	876
20110201	5698.92	1e+07	-1e+07	0.000569892	2e+07	1.1343e+07	nan	565208	835	867
20110209	-1736.92	1e+07	-1e+07	-0.000173692	2e+07	1.08013e+07	nan	567053	839	876
20110210	-6176.38	1e+07	-1e+07	-0.000617638	2e+07	1.0441e+07	nan	535455	850	883
20110211	-4118.78	1e+07	-1e+07	-0.000411878	2e+07	1.06192e+07	nan	510318	852	894
20110214	14221	1e+07	-1e+07	0.00142209	2e+07	1.07415e+07	nan	519190	847	903
20110215	-6619.17	1e+07	-1e+07	-0.000661916	2e+07	1.11058e+07	nan	511486	844	908
20110216	10783.7	1e+07	-1e+07	0.00107837	2e+07	1.12896e+07	nan	524023	829	903
20110217	-898.543	1e+07	-1e+07	-8.98542e-05	2e+07	1.07069e+07	nan	481769	805	905
20110218	-15954.3	1e+07	-1e+07	-0.00159543	2e+07	1.08782e+07	nan	492182	818	887
20110221	1159.48	1e+07	-1e+07	0.000115948	2e+07	1.12677e+07	nan	494973	811	889
20110222	10937.1	1e+07	-1e+07	0.00109371	2e+07	1.15506e+07	nan	513095	836	867
20110223	-23632.9	1e+07	-9.99999e+06	-0.00236329	2e+07	1.1444e+07	nan	543007	858	853
20110224	-11886.7	1e+07	-1e+07	-0.00118867	2e+07	1.14941e+07	nan	539065	845	878
20110225	-20931	1e+07	-1e+07	-0.0020931	2e+07	1.10564e+07	nan	521956	822	907
20110228	8893.85	1e+07	-1e+07	0.000889385	2e+07	1.08737e+07	nan	501474	841	890
20110301	16972.7	9.99998e+06	-9.99999e+06	0.00169727	2e+07	1.09218e+07	nan	484677	840	887
20110302	22068.7	1e+07	-1e+07	0.00220687	2e+07	1.07512e+07	nan	487596	822	914
20110303	3382.74	1e+07	-1e+07	0.000338274	2e+07	1.08194e+07	nan	507092	836	907
20110304	-2370.04	1e+07	-1e+07	-0.000237004	2e+07	1.09915e+07	nan	514549	816	931
20110307	-16321.2	1e+07	-1e+07	-0.00163212	2e+07	1.11077e+07	nan	510241	821	937
20110308	14444.4	1e+07	-1e+07	0.00144444	2e+07	1.08796e+07	nan	502282	833	936
20110309	17448	1e+07	-1e+07	0.0017448	2e+07	1.06557e+07	nan	489583	844	921
20110310	-9053.82	1e+07	-1e+07	-0.000905382	2e+07	1.06916e+07	nan	495337	836	929
20110311	-10523	1e+07	-1e+07	-0.0010523	2e+07	1.08109e+07	nan	503792	853	909
20110314	-26228.1	1e+07	-1e+07	-0.00262281	2e+07	1.07966e+07	nan	484646	871	886
20110315	33269.3	1e+07	-1e+07	0.00332693	2e+07	1.11712e+07	nan	505024	851	906
20110316	-1866.66	9.99999e+06	-1e+07	-0.000186666	2e+07	1.09498e+07	nan	492817	848	903
20110317	-7489.49	1e+07	-1e+07	-0.000748949	2e+07	1.13066e+07	nan	497851	868	876
20110318	-1378.25	1e+07	-1e+07	-0.000137825	2e+07	1.13367e+07	nan	531109	869	873
20110321	6575.71	1e+07	-1e+07	0.000657571	2e+07	1.16434e+07	nan	533548	870	848
20110322	-17329.9	1e+07	-9.99999e+06	-0.00173299	2e+07	1.15349e+07	nan	516325	846	856
20110323	6866.85	1e+07	-1e+07	0.000686685	2e+07	1.10324e+07	nan	496476	805	890
20110324	8229.85	1e+07	-1e+07	0.000822985	2e+07	1.08241e+07	nan	510509	817	876
20110325	-8765.07	9.99999e+06	-9.99999e+06	-0.000876507	2e+07	1.06725e+07	nan	496436	821	882
20110328	11551.6	9.99999e+06	-1e+07	0.00115516	2e+07	1.11625e+07	nan	509014	855	861
20110329	28208.3	9.99998e+06	-9.99998e+06	0.00282083	2e+07	1.12377e+07	nan	510349	839	878
20110330	2863.68	1e+07	-1e+07	0.000286368	2e+07	1.09057e+07	nan	502984	850	874
20110331	-14899	1e+07	-1e+07	-0.00148989	2e+07	1.09798e+07	nan	515844	840	885
20110401	-41667.1	1e+07	-1e+07	-0.00416671	2e+07	1.15323e+07	nan	541626	837	868
20110406	2312.35	1e+07	-1e+07	0.000231235	2e+07	1.15374e+07	nan	556229	845	869
20110407	7544.43	1e+07	-1e+07	0.000754442	2e+07	1.12931e+07	nan	530949	822	897
20110408	-12881.2	1e+07	-1e+07	-0.00128812	2e+07	1.12358e+07	nan	520550	818	896
20110411	-25389.5	1e+07	-1e+07	-0.00253895	2e+07	1.13022e+07	nan	507495	836	831
20110412	467.188	1e+07	-1e+07	4.67187e-05	2e+07	1.12521e+07	nan	550588	821	847
20110413	110.748	1e+07	-1e+07	1.10748e-05	2e+07	1.17601e+07	nan	558494	811	841
20110414	-9082.07	1e+07	-1e+07	-0.000908207	2e+07	1.14689e+07	nan	553229	817	858
20110415	-6788.37	1e+07	-1e+07	-0.000678838	2e+07	1.13064e+07	nan	559179	835	860
20110418	-10102.9	1e+07	-1e+07	-0.00101029	2e+07	1.20847e+07	nan	550475	845	837
20110419	13789.2	1e+07	-1e+07	0.00137892	2e+07	1.14098e+07	nan	530422	825	818
20110420	8241.01	1e+07	-1e+07	0.000824101	2e+07	1.17152e+07	nan	552376	822	808
20110421	1215.68	1e+07	-1e+07	0.000121568	2e+07	1.12369e+07	nan	523986	809	775
20110422	33851.8	1e+07	-9.99999e+06	0.00338518	2e+07	1.12699e+07	nan	543159	778	771
20110425	37519.1	1e+07	-1e+07	0.00375191	2e+07	1.27583e+07	nan	589443	778	766
20110426	-11935.6	1e+07	-1e+07	-0.00119356	2e+07	1.21887e+07	nan	594698	795	775
20110427	10904.8	1e+07	-1e+07	0.00109048	2e+07	1.20512e+07	nan	599520	783	800
20110428	-25071.8	1e+07	-1e+07	-0.00250718	2e+07	1.2154e+07	nan	607192	833	778
20110429	-1254.86	9.99999e+06	-1e+07	-0.000125486	2e+07	1.23389e+07	nan	652092	824	782
20110503	13294.8	9.99999e+06	-1e+07	0.00132948	2e+07	1.23527e+07	nan	632296	828	824
20110504	3419.11	1e+07	-1e+07	0.000341911	2e+07	1.16584e+07	nan	618569	843	841
20110505	-14917.1	1e+07	-1e+07	-0.00149171	2e+07	1.15101e+07	nan	613216	845	866
20110506	-12922.8	1e+07	-1e+07	-0.00129228	2e+07	1.16755e+07	nan	621832	858	867
20110509	-7256.61	1e+07	-1e+07	-0.000725661	2e+07	1.23804e+07	nan	619186	865	851
20110510	9618.64	1e+07	-1e+07	0.000961864	2e+07	1.17494e+07	nan	601670	841	876
20110511	13196.9	1e+07	-9.99999e+06	0.00131969	2e+07	1.2179e+07	nan	627150	822	826
20110512	-27880.7	9.99999e+06	-1e+07	-0.00278807	2e+07	1.1198e+07	nan	610950	821	809
20110513	-33347.3	1e+07	-1e+07	-0.00333474	2e+07	1.1449e+07	nan	617418	817	799
20110516	7853.26	1e+07	-1e+07	0.000785325	2e+07	1.15895e+07	nan	625626	802	817
20110517	-24798	1e+07	-1e+07	-0.00247981	2e+07	1.19648e+07	nan	619691	808	814
20110518	-9228.44	1e+07	-1e+07	-0.000922844	2e+07	1.17515e+07	nan	631515	820	838
20110519	-9176.38	1e+07	-1e+07	-0.000917637	2e+07	1.21232e+07	nan	619921	785	817
20110520	-32896.7	1e+07	-1e+07	-0.00328967	2e+07	1.11601e+07	nan	623161	809	806
20110523	6017.35	9.99999e+06	-1e+07	0.000601735	2e+07	1.17292e+07	nan	614894	774	810
20110524	22857	1e+07	-1e+07	0.0022857	2e+07	1.16261e+07	nan	656724	788	817
20110525	5284.72	1e+07	-1e+07	0.000528472	2e+07	1.12284e+07	nan	622875	808	823
20110526	387.77	1e+07	-1e+07	3.8777e-05	2e+07	1.17317e+07	nan	667543	850	847
20110527	-827.662	9.99999e+06	-9.99999e+06	-8.27661e-05	2e+07	1.17318e+07	nan	685613	823	871
20110530	-20664.9	1e+07	-9.99999e+06	-0.00206649	2e+07	1.18699e+07	nan	711436	848	904
20110531	-10643.5	1e+07	-1e+07	-0.00106435	2e+07	1.18725e+07	nan	718289	872	878
20110601	-4489.15	1e+07	-1e+07	-0.000448915	2e+07	1.17528e+07	nan	709109	874	865
20110602	-18609.1	9.99999e+06	-9.99999e+06	-0.00186091	2e+07	1.16575e+07	nan	714249	865	894
20110603	-1259.51	1e+07	-1e+07	-0.000125951	2e+07	1.13986e+07	nan	705817	900	876
20110607	-12540.8	1e+07	-9.99999e+06	-0.00125407	2e+07	1.12365e+07	nan	665890	920	879
20110608	34406.6	9.99999e+06	-1e+07	0.00344066	2e+07	1.10635e+07	nan	651453	916	902
20110609	-19506.3	1e+07	-1e+07	-0.00195063	2e+07	1.05768e+07	nan	639230	932	880
20110610	11919.6	9.99999e+06	-9.99999e+06	0.00119196	2e+07	1.05797e+07	nan	647536	933	874
20110613	10210.5	1e+07	-1e+07	0.00102105	2e+07	1.07323e+07	nan	633918	921	875
20110614	7715.44	1e+07	-1e+07	0.000771544	2e+07	1.06039e+07	nan	639690	892	909
20110615	4373.22	1e+07	-1e+07	0.000437322	2e+07	1.06387e+07	nan	642576	900	910
20110616	-7492	1e+07	-1e+07	-0.000749199	2e+07	1.0537e+07	nan	648118	889	927
20110617	-14094.3	9.99999e+06	-9.99999e+06	-0.00140943	2e+07	1.0416e+07	nan	652708	870	942
20110620	1722.63	1e+07	-1e+07	0.000172263	2e+07	1.06822e+07	nan	677079	886	943
20110621	1553.02	1e+07	-1e+07	0.000155302	2e+07	1.10549e+07	nan	685944	869	947
20110622	-1230.65	1e+07	-1e+07	-0.000123065	2e+07	1.07391e+07	nan	667195	881	920
20110623	12576.5	1e+07	-1e+07	0.00125765	2e+07	1.0546e+07	nan	683990	880	932
20110624	11223	1e+07	-1e+07	0.0011223	2e+07	1.09107e+07	nan	663670	886	941
20110627	-4562.44	1e+07	-1e+07	-0.000456243	2e+07	1.08227e+07	nan	626162	885	923
20110628	9223.77	1e+07	-1e+07	0.000922377	2e+07	1.07173e+07	nan	627973	901	918
20110629	2560.3	1e+07	-1e+07	0.000256029	2e+07	1.09574e+07	nan	636635	903	907
20110630	-7390.9	1e+07	-1e+07	-0.00073909	2e+07	1.07436e+07	nan	629385	889	876
20110701	-30726.4	1e+07	-1e+07	-0.00307264	2e+07	1.0751e+07	nan	604578	885	861
20110704	-8525.78	1e+07	-9.99999e+06	-0.000852578	2e+07	1.12229e+07	nan	663014	895	884
20110705	-17240.1	1e+07	-9.99999e+06	-0.00172401	2e+07	1.12243e+07	nan	642860	878	917
20110706	-3046.99	1e+07	-1e+07	-0.0003047	2e+07	1.10524e+07	nan	638751	881	933
20110707	-3152.16	1e+07	-9.99999e+06	-0.000315216	2e+07	1.09666e+07	nan	622205	918	931
20110708	-12384.6	1e+07	-1e+07	-0.00123846	2e+07	1.08579e+07	nan	609469	923	959
20110711	17745	1e+07	-1e+07	0.0017745	2e+07	1.08239e+07	nan	614790	923	961
20110712	5538.36	1e+07	-1e+07	0.000553836	2e+07	1.14034e+07	nan	630622	911	970
20110713	-3738.94	1e+07	-1e+07	-0.000373894	2e+07	1.09645e+07	nan	641710	946	935
20110714	12753	1e+07	-1e+07	0.0012753	2e+07	1.07703e+07	nan	607859	940	933
20110715	-17430.3	1e+07	-9.99999e+06	-0.00174303	2e+07	1.07935e+07	nan	598962	938	943
20110718	-15377.1	9.99999e+06	-9.99999e+06	-0.00153771	2e+07	1.09578e+07	nan	589796	937	936
20110719	16397.1	1e+07	-1e+07	0.00163972	2e+07	1.08076e+07	nan	593702	927	946
20110720	31501	1e+07	-1e+07	0.0031501	2e+07	1.07952e+07	nan	605414	938	943
20110721	-17760.2	1e+07	-1e+07	-0.00177602	2e+07	1.077e+07	nan	594335	944	936
20110722	-794.992	1e+07	-1e+07	-7.94992e-05	2e+07	1.08046e+07	nan	589972	946	928
20110725	5744.04	1e+07	-1e+07	0.000574404	2e+07	1.07734e+07	nan	585000	950	929
20110726	19378.8	1e+07	-9.99999e+06	0.00193788	2e+07	1.07473e+07	nan	613791	951	932
20110727	-8999.4	1e+07	-1e+07	-0.00089994	2e+07	1.10683e+07	nan	646028	936	943
20110728	-16938.9	1e+07	-1e+07	-0.00169389	2e+07	1.0974e+07	nan	616870	905	974
20110729	4713.72	1e+07	-1e+07	0.000471372	2e+07	1.09737e+07	nan	619966	926	959
20110801	-7426.69	1e+07	-1e+07	-0.000742669	2e+07	1.08143e+07	nan	608636	911	972
20110802	-12830.3	1e+07	-9.99999e+06	-0.00128303	2e+07	1.09358e+07	nan	617493	906	980
20110803	-23297.7	1e+07	-1e+07	-0.00232977	2e+07	1.08119e+07	nan	629564	925	962
20110804	19532.7	9.99999e+06	-9.99999e+06	0.00195327	2e+07	1.08355e+07	nan	611600	904	994
20110805	8354	1e+07	-1e+07	0.000835401	2e+07	1.06041e+07	nan	607163	913	994
20110808	1619.84	9.99999e+06	-9.99999e+06	0.000161984	2e+07	1.09731e+07	nan	620938	958	949
20110809	-11407	1e+07	-1e+07	-0.0011407	2e+07	1.0824e+07	nan	640026	960	938
20110810	16314.5	1e+07	-1e+07	0.00163145	2e+07	1.06836e+07	nan	644347	923	980
20110811	-18195.6	1e+07	-9.99999e+06	-0.00181956	2e+07	1.07404e+07	nan	648640	952	961
20110812	2039.95	1e+07	-1e+07	0.000203995	2e+07	1.08104e+07	nan	640151	926	988
20110815	-27893.9	9.99999e+06	-9.99999e+06	-0.00278939	2e+07	1.14055e+07	nan	652014	930	982
20110816	4442.55	9.99999e+06	-9.99999e+06	0.000444255	2e+07	1.14784e+07	nan	654933	936	985
20110817	6309.67	1e+07	-1e+07	0.000630967	2e+07	1.12983e+07	nan	650815	931	974
20110818	-16493.4	1e+07	-1e+07	-0.00164934	2e+07	1.14076e+07	nan	667333	942	955
20110819	8974.93	1e+07	-1e+07	0.000897492	2e+07	1.10613e+07	nan	640909	909	969
20110822	11386.5	1e+07	-1e+07	0.00113865	2e+07	1.1124e+07	nan	652499	891	992
20110823	20131.6	1e+07	-9.99999e+06	0.00201316	2e+07	1.1134e+07	nan	667743	909	968
20110824	8975.41	9.99999e+06	-9.99999e+06	0.000897542	2e+07	1.09606e+07	nan	648928	927	958
20110825	-12408.8	1e+07	-1e+07	-0.00124088	2e+07	1.07601e+07	nan	623491	924	971
20110826	-925.561	1e+07	-1e+07	-9.2556e-05	2e+07	1.11391e+07	nan	631887	922	981
20110829	9576.84	9.99999e+06	-9.99999e+06	0.000957684	2e+07	1.12202e+07	nan	640596	943	966
20110830	-13953.7	1e+07	-9.99998e+06	-0.00139537	2e+07	1.12242e+07	nan	651531	966	951
20110831	7195.09	1e+07	-1e+07	0.00071951	2e+07	1.09219e+07	nan	658847	938	979
20110901	3146.9	1e+07	-1e+07	0.000314689	2e+07	1.07359e+07	nan	619922	941	965
20110902	-16960.7	1e+07	-1e+07	-0.00169607	2e+07	1.0605e+07	nan	635121	926	984
20110905	-22255.4	9.99999e+06	-1e+07	-0.00222554	2e+07	1.09343e+07	nan	663074	924	978
20110906	3722.69	1e+07	-9.99999e+06	0.00037227	2e+07	1.12095e+07	nan	685757	922	971
20110907	2131.01	9.99999e+06	-9.99999e+06	0.000213101	2e+07	1.11073e+07	nan	691346	916	963
20110908	19927.2	1e+07	-1e+07	0.00199273	2e+07	1.11012e+07	nan	707227	912	985
20110909	5397.6	1e+07	-9.99999e+06	0.00053976	2e+07	1.1067e+07	nan	678555	913	972
20110913	-10144.8	1e+07	-1e+07	-0.00101449	2e+07	1.09956e+07	nan	665944	920	957
20110914	970.184	1e+07	-1e+07	9.70183e-05	2e+07	1.0991e+07	nan	693739	928	942
20110915	360.852	9.99999e+06	-9.99999e+06	3.60852e-05	2e+07	1.09673e+07	nan	679484	929	958
20110916	-15450.9	9.99998e+06	-9.99998e+06	-0.00154509	2e+07	1.0672e+07	nan	642893	919	944
20110919	-6048.09	9.99998e+06	-9.99999e+06	-0.00060481	2e+07	1.10149e+07	nan	670487	897	954
20110920	30351.8	1e+07	-1e+07	0.00303518	2e+07	1.09429e+07	nan	681305	903	962
20110921	13777.4	1e+07	-1e+07	0.00137774	2e+07	1.10339e+07	nan	692023	900	970
20110922	-6456.57	9.99999e+06	-1e+07	-0.000645657	2e+07	1.03665e+07	nan	637857	926	957
20110923	-6705.13	1e+07	-1e+07	-0.000670514	2e+07	1.05009e+07	nan	665644	946	957
20110926	-7033.35	1e+07	-9.99999e+06	-0.000703335	2e+07	1.09867e+07	nan	688768	935	1004
20110927	14911.3	1e+07	-1e+07	0.00149113	2e+07	1.11314e+07	nan	711641	941	1002
20110928	-5271.35	1e+07	-1e+07	-0.000527135	2e+07	1.06615e+07	nan	692450	938	1007
20110929	-21363.3	9.99999e+06	-9.99999e+06	-0.00213633	2e+07	1.08605e+07	nan	731174	934	1013
20110930	-18928.3	9.99998e+06	-9.99999e+06	-0.00189283	2e+07	1.05902e+07	nan	711964	936	1008
20111010	-16421.8	9.99999e+06	-1e+07	-0.00164218	2e+07	1.07369e+07	nan	736464	936	995
20111011	5033.49	9.99999e+06	-1e+07	0.000503349	2e+07	1.11568e+07	nan	741771	919	993
20111012	16766.9	1e+07	-1e+07	0.00167669	2e+07	1.11604e+07	nan	772525	933	983
20111013	7458.1	1e+07	-1e+07	0.000745809	2e+07	1.11163e+07	nan	716826	942	964
20111014	-4396.52	9.99999e+06	-9.99999e+06	-0.000439652	2e+07	1.09004e+07	nan	703341	969	948
20111017	9465.35	1e+07	-1e+07	0.000946536	2e+07	1.12324e+07	nan	733928	954	953
20111018	-20293.8	1e+07	-1e+07	-0.00202938	2e+07	1.09881e+07	nan	700532	942	967
20111019	2946.99	9.99999e+06	-9.99999e+06	0.000294699	2.00001e+07	1.0571e+07	nan	718668	963	940
20111020	-10295.9	1e+07	-1e+07	-0.00102959	2e+07	1.0481e+07	nan	699863	943	964
20111021	-19695	1e+07	-1e+07	-0.0019695	2e+07	1.05267e+07	nan	726420	942	976
20111024	18649.2	1e+07	-9.99999e+06	0.00186493	2e+07	1.10447e+07	nan	782947	967	974
20111025	-12658.9	1e+07	-1e+07	-0.00126589	2e+07	1.09192e+07	nan	747072	977	1002
20111026	-39763.2	1e+07	-1e+07	-0.00397632	2e+07	1.06232e+07	nan	703339	1008	984
20111027	-7456.63	1e+07	-1e+07	-0.000745663	2e+07	1.10342e+07	nan	712780	1002	984
20111028	31493.5	1e+07	-1e+07	0.00314935	2e+07	1.08773e+07	nan	733126	1018	963
20111031	-11965.1	1e+07	-1e+07	-0.00119651	2e+07	1.08089e+07	nan	711047	1008	980
20111101	845.143	9.99999e+06	-9.99999e+06	8.45142e-05	2e+07	1.107e+07	nan	706835	987	991
20111102	802.101	1e+07	-1e+07	8.02102e-05	2e+07	1.06588e+07	nan	697495	991	995
20111103	-1667.19	1e+07	-1e+07	-0.000166719	2e+07	1.07529e+07	nan	653611	989	1008
20111104	-6967.54	1e+07	-1e+07	-0.000696753	2e+07	1.126e+07	nan	688957	986	1006
20111107	-5691.6	9.99999e+06	-9.99999e+06	-0.00056916	2e+07	1.10806e+07	nan	681987	1024	972
20111108	-31482	1e+07	-1e+07	-0.0031482	2e+07	1.10452e+07	nan	684831	981	1008
20111109	20404.3	1e+07	-1e+07	0.00204043	2e+07	1.08123e+07	nan	690006	955	1022
20111110	-9578.91	1e+07	-1e+07	-0.000957891	2e+07	1.06876e+07	nan	645383	959	1008
20111111	-1318.98	1e+07	-1e+07	-0.000131898	2e+07	1.0684e+07	nan	645029	946	1004
20111114	1992.92	9.99999e+06	-1e+07	0.000199292	2e+07	1.08533e+07	nan	650685	933	995
20111115	-18926.2	1e+07	-9.99999e+06	-0.00189262	2e+07	1.06784e+07	nan	632933	950	963
20111116	-2357.32	1e+07	-1e+07	-0.000235732	2e+07	1.08246e+07	nan	627809	911	970
20111117	170.034	1e+07	-1e+07	1.70034e-05	2e+07	1.07007e+07	nan	671168	919	973
20111118	-33154.3	1e+07	-1e+07	-0.00331543	2e+07	1.09614e+07	nan	660371	935	967
20111121	-7948.85	1e+07	-9.99999e+06	-0.000794886	2e+07	1.09882e+07	nan	694514	956	955
20111122	19163.5	1e+07	-1e+07	0.00191635	2e+07	1.12831e+07	nan	706539	943	984
20111123	-2751.64	1e+07	-1e+07	-0.000275164	2e+07	1.10888e+07	nan	699581	984	979
20111124	-12797.7	1e+07	-1e+07	-0.00127977	2e+07	1.10886e+07	nan	709711	986	978
20111125	-2109.77	9.99998e+06	-9.99999e+06	-0.000210977	2e+07	1.11446e+07	nan	728874	962	1004
20111128	-13271.5	1e+07	-1e+07	-0.00132715	2e+07	1.09278e+07	nan	701657	985	998
20111129	13699.2	1e+07	-1e+07	0.00136992	2e+07	1.12688e+07	nan	713369	965	1006
20111130	-23304.3	9.99999e+06	-1e+07	-0.00233043	2e+07	1.1023e+07	nan	719552	968	1009
20111201	8692.39	1e+07	-1e+07	0.00086924	2e+07	1.13482e+07	nan	746533	975	997
20111202	-7596.97	1e+07	-1e+07	-0.000759697	2e+07	1.12197e+07	nan	744016	984	986
20111205	-15220.1	1e+07	-1e+07	-0.001522	2e+07	1.10455e+07	nan	734375	998	973
20111206	675.843	1e+07	-1e+07	6.75842e-05	2e+07	1.11663e+07	nan	769875	993	983
20111207	-2312.75	9.99999e+06	-1e+07	-0.000231275	2e+07	1.06901e+07	nan	729705	978	996
20111208	-1064.2	9.99999e+06	-1e+07	-0.00010642	2e+07	1.08273e+07	nan	754472	1009	977
20111209	1735.4	9.99999e+06	-9.99999e+06	0.000173541	2e+07	1.09801e+07	nan	739051	1008	987
20111212	-7781.62	1e+07	-9.99999e+06	-0.000778163	2e+07	1.09617e+07	nan	744383	1028	958
20111213	-11251.1	9.99999e+06	-1e+07	-0.00112511	2e+07	1.29822e+07	nan	928613	883	807
20111214	-24966.7	1e+07	-1e+07	-0.00249667	2e+07	1.22984e+07	nan	928135	1007	935
20111215	-11804.3	1e+07	-1e+07	-0.00118043	2e+07	1.14938e+07	nan	871135	982	990
20111216	12871.8	1e+07	-1e+07	0.00128718	2e+07	1.14207e+07	nan	856011	994	973
20111219	-22591.4	1e+07	-1e+07	-0.00225914	2e+07	1.15044e+07	nan	831468	981	988
20111220	4321.23	1e+07	-1e+07	0.000432123	2e+07	1.12968e+07	nan	800391	978	983
20111221	-27502	1e+07	-1e+07	-0.0027502	2e+07	1.10319e+07	nan	816039	984	965
20111222	-31302.4	1e+07	-1e+07	-0.00313023	2e+07	1.11932e+07	nan	837968	990	948
20111223	9170.92	1e+07	-1e+07	0.000917091	2e+07	1.13066e+07	nan	867086	964	977
20111226	1464.05	1e+07	-1e+07	0.000146405	2e+07	1.12961e+07	nan	849707	1001	953
20111227	24880.1	1e+07	-1e+07	0.00248801	2e+07	1.0909e+07	nan	826249	981	956
20111228	31767.1	1e+07	-1e+07	0.00317671	2e+07	1.08e+07	nan	838272	974	971
20111229	-13013	1e+07	-1e+07	-0.0013013	2e+07	1.08207e+07	nan	834033	956	976
20111230	817.74	9.99999e+06	-9.99999e+06	8.1774e-05	2e+07	1.12844e+07	nan	851104	957	963
20120104	4478.4	1e+07	-1e+07	0.00044784	2e+07	1.11165e+07	nan	855826	931	981
20120105	16399.7	1e+07	-1e+07	0.00163997	2e+07	1.11414e+07	nan	877148	934	989
20120106	22595.2	1e+07	-1e+07	0.00225952	2e+07	1.1005e+07	nan	882298	916	1001
20120109	7933.49	1e+07	-1e+07	0.000793349	2e+07	1.07118e+07	nan	883231	950	991
20120110	7859.32	9.99998e+06	-9.99999e+06	0.000785931	2e+07	1.10163e+07	nan	854546	961	1003
20120111	9849.85	1e+07	-1e+07	0.000984986	2e+07	1.08206e+07	nan	837935	985	1005
20120112	-12300.5	1e+07	-1e+07	-0.00123005	2e+07	1.11044e+07	nan	832048	978	1014
20120113	-27002.4	1e+07	-1e+07	-0.00270024	2e+07	1.09313e+07	nan	830745	970	1024
20120116	-5558.02	1e+07	-1e+07	-0.000555801	2e+07	1.06063e+07	nan	819983	957	1023
20120117	-4582.69	1e+07	-1e+07	-0.00045827	2e+07	1.12607e+07	nan	869488	949	985
20120118	-58506	1e+07	-1e+07	-0.0058506	2e+07	1.06893e+07	nan	809493	954	975
20120119	1496.56	1e+07	-1e+07	0.000149656	2e+07	1.0813e+07	nan	875844	961	972
20120120	10757.4	1e+07	-1e+07	0.00107574	2e+07	1.0784e+07	nan	854066	950	1005
20120130	9563.48	1e+07	-9.99999e+06	0.000956347	2e+07	1.06429e+07	nan	840881	1008	962
20120131	-2786.36	9.99999e+06	-1e+07	-0.000278636	2e+07	1.09988e+07	nan	846503	998	997
20120201	2924.3	1e+07	-1e+07	0.00029243	2e+07	1.08012e+07	nan	859412	1004	991
20120202	3243.36	1e+07	-1e+07	0.000324336	2e+07	1.08606e+07	nan	863048	989	1007
20120203	-6982.65	1e+07	-1e+07	-0.000698264	2e+07	1.06121e+07	nan	837752	976	1019
20120206	-6621.46	1e+07	-9.99999e+06	-0.000662147	2e+07	1.07257e+07	nan	825722	983	1012
20120207	1054.85	1e+07	-1e+07	0.000105485	2e+07	1.04819e+07	nan	795681	963	1032
20120208	16448.5	9.99999e+06	-9.99999e+06	0.00164485	2e+07	1.04533e+07	nan	812667	986	1012
20120209	23312.6	9.99999e+06	-9.99999e+06	0.00233127	2e+07	1.03043e+07	nan	780404	964	1034
20120210	18032.2	9.99999e+06	-9.99999e+06	0.00180322	2e+07	1.00676e+07	nan	769436	966	1030
20120213	23348	1e+07	-1e+07	0.0023348	2e+07	1.032e+07	nan	780069	973	1024
20120214	-9022.35	1e+07	-1e+07	-0.000902235	2e+07	1.00162e+07	nan	747157	945	1053
20120215	4609.59	1e+07	-1e+07	0.000460959	2e+07	1.04358e+07	nan	778271	959	1038
20120216	-226.048	9.99999e+06	-9.99999e+06	-2.26048e-05	2e+07	1.04628e+07	nan	771243	985	1012
20120217	-4459.51	1e+07	-1e+07	-0.000445951	2e+07	1.06383e+07	nan	781608	970	1025
20120220	12338.6	1e+07	-1e+07	0.00123386	2e+07	1.06915e+07	nan	795233	975	1022
20120221	31669.7	1e+07	-1e+07	0.00316697	2e+07	1.08863e+07	nan	808260	939	1057
20120222	-10568.6	1e+07	-1e+07	-0.00105686	2e+07	1.08197e+07	nan	775902	972	1024
20120223	-1843.44	1e+07	-1e+07	-0.000184344	2e+07	1.07523e+07	nan	755571	994	1002
20120224	2232.94	1e+07	-1e+07	0.000223294	2e+07	1.0832e+07	nan	749960	983	1012
20120227	-8335.29	9.99999e+06	-9.99999e+06	-0.000833529	2e+07	1.06603e+07	nan	727298	984	1011
20120228	-2858.66	1e+07	-1e+07	-0.000285867	2e+07	1.13174e+07	nan	763863	938	1055
20120229	-10379.2	1e+07	-1e+07	-0.00103792	2e+07	1.13695e+07	nan	775896	929	1068
20120301	-4462.04	1e+07	-1e+07	-0.000446204	2e+07	1.11869e+07	nan	799019	924	1070
20120302	12903.9	9.99998e+06	-9.99999e+06	0.00129039	2e+07	1.0663e+07	nan	752467	947	1050
20120305	13537	1e+07	-1e+07	0.0013537	2e+07	1.06169e+07	nan	755790	941	1055
20120306	-984.314	1e+07	-9.99999e+06	-9.84313e-05	2e+07	1.06445e+07	nan	719487	931	1065
20120307	-24354.1	9.99999e+06	-1e+07	-0.00243541	2e+07	1.07425e+07	nan	744378	938	1059
20120308	-2448.39	1e+07	-1e+07	-0.000244839	2e+07	1.08502e+07	nan	752140	962	1035
20120309	-15201.6	1e+07	-1e+07	-0.00152016	2e+07	1.06433e+07	nan	750175	979	1018
20120312	-5726.04	9.99998e+06	-9.99998e+06	-0.000572604	2e+07	1.07032e+07	nan	724166	959	1036
20120313	-24326.6	1e+07	-1e+07	-0.00243266	2e+07	1.09417e+07	nan	718931	982	1015
20120314	-13305.3	1e+07	-1e+07	-0.00133053	2e+07	1.07458e+07	nan	726411	969	1027
20120315	13741	1e+07	-1e+07	0.0013741	2e+07	1.06942e+07	nan	750623	966	1031
20120316	-256.085	1e+07	-1e+07	-2.56085e-05	2e+07	1.11669e+07	nan	760936	1001	994
20120319	25442	9.99999e+06	-9.99999e+06	0.0025442	2e+07	1.10101e+07	nan	732760	1010	984
20120320	-398.48	1e+07	-1e+07	-3.98481e-05	2e+07	1.09041e+07	nan	723226	1015	981
20120321	42092.1	1e+07	-1e+07	0.00420921	2e+07	1.12453e+07	nan	760873	1021	975
20120322	-1024.08	1e+07	-1e+07	-0.000102408	2e+07	1.10629e+07	nan	727191	1025	946
20120323	16203.5	1e+07	-1e+07	0.00162035	2e+07	1.09593e+07	nan	739081	1017	955
20120326	-618.141	1e+07	-1e+07	-6.1814e-05	2e+07	1.08591e+07	nan	750312	1043	932
20120327	-22419.8	1e+07	-1e+07	-0.00224198	2e+07	1.10414e+07	nan	752453	1035	928
20120328	-10937.1	1e+07	-1e+07	-0.00109371	2e+07	1.079e+07	nan	769196	1034	941
20120329	-11902.4	1e+07	-9.99999e+06	-0.00119024	2e+07	1.08468e+07	nan	812320	1022	960
20120330	3633.09	9.99999e+06	-9.99998e+06	0.00036331	2e+07	1.12333e+07	nan	848420	1000	973
20120405	-17193.3	1e+07	-1e+07	-0.00171933	2e+07	1.13365e+07	nan	852369	971	988
20120406	9787.8	1e+07	-1e+07	0.000978781	2e+07	1.13775e+07	nan	821715	973	980
20120409	-10452.7	1e+07	-1e+07	-0.00104527	2e+07	1.16739e+07	nan	832795	952	974
20120410	12181.1	1e+07	-1e+07	0.00121811	2e+07	1.14747e+07	nan	854552	964	947
20120411	12629.1	1e+07	-9.99999e+06	0.00126291	2e+07	1.14381e+07	nan	832054	923	970
20120412	-10762.3	1e+07	-1e+07	-0.00107623	2e+07	1.14462e+07	nan	870729	927	983
20120413	-13215.5	1e+07	-1e+07	-0.00132155	2e+07	1.1519e+07	nan	845784	898	997
20120416	-8177.96	1e+07	-1e+07	-0.000817795	2e+07	1.13668e+07	nan	832942	946	957
20120417	-15378	1e+07	-1e+07	-0.0015378	2e+07	1.16957e+07	nan	850981	919	977
20120418	4392.79	9.99999e+06	-1e+07	0.000439278	2e+07	1.15584e+07	nan	877902	954	953
20120419	-9759.06	1e+07	-1e+07	-0.000975907	2e+07	1.13764e+07	nan	830529	920	951
20120420	13392.1	1e+07	-1e+07	0.00133921	2e+07	1.13997e+07	nan	811067	926	930
20120423	39172.7	1e+07	-1e+07	0.00391727	2e+07	1.15834e+07	nan	807964	910	867
20120424	24495.4	9.99999e+06	-9.99999e+06	0.00244955	2e+07	1.18827e+07	nan	832909	900	848
20120425	3566.13	9.99999e+06	-1e+07	0.000356614	2e+07	1.16705e+07	nan	870446	864	909
20120426	-8843.44	1e+07	-1e+07	-0.000884344	2e+07	1.18175e+07	nan	896613	898	893
20120427	-4732.04	1e+07	-1e+07	-0.000473204	2e+07	1.16166e+07	nan	863588	919	876
20120502	-2444.35	1e+07	-1e+07	-0.000244435	2e+07	1.17161e+07	nan	863384	929	903
20120503	-1056.19	9.99999e+06	-9.99999e+06	-0.000105618	2.00001e+07	1.1388e+07	nan	853631	915	956
20120504	14351.9	1e+07	-1e+07	0.00143519	2e+07	1.10172e+07	nan	832068	927	948
20120507	42001.4	9.99999e+06	-1e+07	0.00420013	2e+07	1.08888e+07	nan	804089	933	959
20120508	8599.08	1e+07	-1e+07	0.000859908	2e+07	1.08897e+07	nan	787356	924	994
20120509	-2878.44	1e+07	-1e+07	-0.000287844	2e+07	1.16707e+07	nan	807040	974	965
20120510	5398.77	1e+07	-1e+07	0.000539877	2e+07	1.09773e+07	nan	817773	956	975
20120511	10014.2	1e+07	-1e+07	0.00100142	2e+07	1.11562e+07	nan	797874	947	948
20120514	-701.478	1e+07	-1e+07	-7.01478e-05	2e+07	1.12642e+07	nan	810741	888	960
20120515	-1693.64	1e+07	-1e+07	-0.000169364	2e+07	1.10534e+07	nan	828188	885	962
20120516	8793.96	1e+07	-1e+07	0.000879397	2e+07	1.11758e+07	nan	821676	885	960
20120517	9805.3	9.99999e+06	-1e+07	0.000980529	2e+07	1.19464e+07	nan	866489	875	932
20120518	-4515.87	1e+07	-1e+07	-0.000451587	2e+07	1.13897e+07	nan	872019	887	951
20120521	-10888.9	1e+07	-1e+07	-0.00108889	2e+07	1.18509e+07	nan	867975	904	908
20120522	-4506.85	1e+07	-1e+07	-0.000450686	2e+07	1.12341e+07	nan	876500	881	938
20120523	-7088.67	1e+07	-1e+07	-0.000708867	2e+07	1.07885e+07	nan	835788	880	958
20120524	6169.41	1e+07	-1e+07	0.000616941	2e+07	1.08112e+07	nan	831819	933	950
20120525	3696.21	1e+07	-1e+07	0.000369621	2e+07	1.07292e+07	nan	856497	974	944
20120528	-13077.6	1e+07	-1e+07	-0.00130776	2e+07	1.13744e+07	nan	881631	990	974
20120529	-1164.79	1e+07	-9.99999e+06	-0.000116479	2e+07	1.0935e+07	nan	844673	975	1004
20120530	-13377.9	1e+07	-1e+07	-0.00133779	2e+07	1.08769e+07	nan	832428	977	1009
20120531	-14349.2	9.99999e+06	-9.99999e+06	-0.00143492	2e+07	1.0821e+07	nan	861634	977	1010
20120601	-10432.3	1e+07	-1e+07	-0.00104323	2e+07	1.0783e+07	nan	808636	967	1018
20120604	-26606.4	1e+07	-1e+07	-0.00266064	2e+07	1.10038e+07	nan	861435	976	1020
20120605	7630.61	1e+07	-1e+07	0.00076306	2e+07	1.04903e+07	nan	840896	952	1044
20120606	1435.42	9.99999e+06	-1e+07	0.000143542	2e+07	1.05124e+07	nan	860311	970	1027
20120607	8867.11	1e+07	-1e+07	0.000886712	2e+07	1.05164e+07	nan	850681	984	1012
20120608	15783	1e+07	-9.99999e+06	0.0015783	2e+07	1.07612e+07	nan	901971	974	1023
20120611	10487.5	1e+07	-1e+07	0.00104875	2e+07	1.08403e+07	nan	874314	982	1014
20120612	6373.4	1e+07	-1e+07	0.000637339	2e+07	1.09537e+07	nan	868411	977	1017
20120613	17259.6	1e+07	-1e+07	0.00172596	2e+07	1.07814e+07	nan	891130	962	1034
20120614	-10860.9	1e+07	-1e+07	-0.00108609	2e+07	1.10916e+07	nan	879480	960	1035
20120615	18245.9	1e+07	-1e+07	0.00182459	2e+07	1.1078e+07	nan	901290	977	1017
20120618	13919.2	9.99999e+06	-9.99999e+06	0.00139192	2e+07	1.09553e+07	nan	863607	976	1018
20120619	-3618.35	1e+07	-1e+07	-0.000361836	2e+07	1.10996e+07	nan	867417	979	1018
20120620	-1932.61	9.99999e+06	-9.99999e+06	-0.000193261	2e+07	1.05639e+07	nan	855460	961	1036
20120621	-7373.75	9.99999e+06	-9.99998e+06	-0.000737376	2e+07	1.05089e+07	nan	850186	957	1038
20120625	-27812.8	9.99999e+06	-9.99999e+06	-0.00278129	2e+07	1.0672e+07	nan	839542	972	1025
20120626	-5518.43	1e+07	-1e+07	-0.000551844	2e+07	1.07216e+07	nan	880158	990	1003
20120627	21563.9	1e+07	-1e+07	0.00215639	2e+07	1.04802e+07	nan	867386	989	1006
20120628	-15828.2	1e+07	-1e+07	-0.00158282	2e+07	1.04226e+07	nan	868835	964	1031
20120629	21233.9	9.99999e+06	-1e+07	0.00212339	2e+07	1.08799e+07	nan	889001	950	1039
20120702	28984.6	1e+07	-1e+07	0.00289846	2e+07	1.10449e+07	nan	879830	966	998
20120703	26029.9	9.99999e+06	-9.99999e+06	0.00260299	2e+07	1.07592e+07	nan	890878	959	1038
20120704	-19959.3	1e+07	-1e+07	-0.00199593	2e+07	1.10186e+07	nan	917554	952	1042
20120705	-17851.8	1e+07	-1e+07	-0.00178518	2e+07	1.06305e+07	nan	862758	952	1044
20120706	-2146.23	1e+07	-1e+07	-0.000214623	2e+07	1.11544e+07	nan	948787	951	1046
20120709	-4491.13	1e+07	-1e+07	-0.000449113	2e+07	1.12096e+07	nan	905930	961	1034
20120710	-5676.32	1e+07	-9.99999e+06	-0.000567632	2e+07	1.07148e+07	nan	909141	965	1033
20120711	-18764.2	9.99998e+06	-1e+07	-0.00187642	2e+07	1.03426e+07	nan	890887	948	1049
20120712	-4377.21	9.99999e+06	-1e+07	-0.000437722	2e+07	1.065e+07	nan	898785	968	1029
20120713	-5794.72	1e+07	-1e+07	-0.000579472	2e+07	1.05132e+07	nan	887508	961	1036
20120716	-50299.1	1e+07	-1e+07	-0.00502991	2e+07	1.05853e+07	nan	901544	977	1021
20120717	7779.94	1e+07	-1e+07	0.000777994	2e+07	1.04489e+07	nan	922983	982	1012
20120718	-13258.1	1e+07	-1e+07	-0.00132581	2e+07	1.06397e+07	nan	939542	976	1022
20120719	2265.68	1e+07	-1e+07	0.000226568	2e+07	1.05064e+07	nan	915006	995	1000
20120720	1149.45	1e+07	-1e+07	0.000114945	2e+07	1.05195e+07	nan	921824	978	1014
20120723	3396.8	1e+07	-1e+07	0.000339679	2e+07	1.04114e+07	nan	937475	986	1006
20120724	-2443.77	1e+07	-1e+07	-0.000244377	2e+07	1.02842e+07	nan	917296	1006	991
20120725	9541.23	1e+07	-1e+07	0.000954124	2e+07	1.03052e+07	nan	929402	1004	992
20120726	-7277.59	1e+07	-1e+07	-0.000727759	2e+07	1.02745e+07	nan	912901	1009	987
20120727	5130.14	1e+07	-9.99999e+06	0.000513014	2e+07	1.00232e+07	nan	918648	999	994
20120730	-26102.4	1e+07	-1e+07	-0.00261024	2e+07	9.85685e+06	nan	895767	1009	986
20120731	7323.19	1e+07	-1e+07	0.000732319	2e+07	9.94008e+06	nan	923509	990	1008
20120801	26941.4	1e+07	-1e+07	0.00269414	2e+07	1.00317e+07	nan	927467	1003	994
20120802	-2144.31	1e+07	-1e+07	-0.000214431	2e+07	9.89587e+06	nan	911919	976	1020
20120803	14331.8	9.99999e+06	-9.99999e+06	0.00143318	2e+07	1.02949e+07	nan	923194	989	1008
20120806	16635.2	1e+07	-1e+07	0.00166352	2e+07	9.97034e+06	nan	897697	965	1032
20120807	25095.1	9.99999e+06	-1e+07	0.00250951	2e+07	1.00031e+07	nan	862054	963	1031
20120808	-6903.64	1e+07	-9.99999e+06	-0.000690364	2e+07	9.84633e+06	nan	861609	965	1028
20120809	25314.9	9.99999e+06	-9.99999e+06	0.00253149	2e+07	9.58821e+06	nan	849410	983	1012
20120810	-6099.31	9.99999e+06	-9.99999e+06	-0.000609931	2e+07	9.92422e+06	nan	852811	987	1007
20120813	-26542.4	1e+07	-1e+07	-0.00265424	2e+07	1.00533e+07	nan	860377	970	1025
20120814	-2245.95	1e+07	-1e+07	-0.000224595	2e+07	1.03475e+07	nan	907505	976	1021
20120815	-15181.7	1e+07	-1e+07	-0.00151817	2e+07	1.02125e+07	nan	862411	973	1022
20120816	-1322.41	1e+07	-1e+07	-0.000132241	2e+07	1.05846e+07	nan	938316	978	1017
20120817	-2181.17	9.99999e+06	-1e+07	-0.000218116	2e+07	1.05099e+07	nan	934312	983	1015
20120820	21544.8	1e+07	-1e+07	0.00215449	2e+07	1.03649e+07	nan	922107	984	1014
20120821	-1387.49	1e+07	-1e+07	-0.000138748	2e+07	1.05936e+07	nan	931808	1023	975
20120822	17691.2	1e+07	-1e+07	0.00176912	2e+07	1.02962e+07	nan	882934	1008	988
20120823	-4644.72	1e+07	-1e+07	-0.000464472	2e+07	1.06431e+07	nan	913409	1023	974
20120824	-8835.28	1e+07	-1e+07	-0.000883528	2e+07	1.06377e+07	nan	897176	1014	984
20120827	2710.9	1e+07	-1e+07	0.00027109	2e+07	1.06338e+07	nan	929841	995	1002
20120828	13016.6	1e+07	-1e+07	0.00130166	2e+07	1.07384e+07	nan	966717	990	1006
20120829	-11738.4	1e+07	-1e+07	-0.00117384	2e+07	1.08095e+07	nan	956848	987	1011
20120830	-49955.8	1e+07	-1e+07	-0.00499558	2e+07	1.07183e+07	nan	958350	986	1005
20120831	13069.7	1e+07	-1e+07	0.00130697	2e+07	1.05331e+07	nan	929066	998	1000
20120903	16066.6	9.99999e+06	-9.99998e+06	0.00160666	2e+07	1.04562e+07	nan	948648	994	1001
20120904	-8313.46	1e+07	-1e+07	-0.000831347	2e+07	1.03116e+07	nan	904042	988	1009
20120905	16689.1	1e+07	-1e+07	0.00166891	2e+07	1.02656e+07	nan	913156	981	1012
20120906	-4664.34	1e+07	-1e+07	-0.000466434	2e+07	1.01988e+07	nan	888562	971	1023
20120907	-7247.51	1e+07	-1e+07	-0.00072475	2e+07	1.03169e+07	nan	930268	971	1020
20120910	-15309.2	1e+07	-1e+07	-0.00153092	2e+07	1.02922e+07	nan	867158	956	1037
20120911	-7360.53	1e+07	-1e+07	-0.000736053	2e+07	1.03442e+07	nan	860334	969	1022
20120912	10026.8	9.99998e+06	-1e+07	0.00100268	2e+07	1.06014e+07	nan	882652	988	1009
20120913	-16953.8	1e+07	-9.99999e+06	-0.00169538	2e+07	1.06642e+07	nan	896995	974	1023
20120914	4288.04	9.99999e+06	-1e+07	0.000428804	2e+07	1.06696e+07	nan	909846	981	1015
20120917	-3909.15	1e+07	-1e+07	-0.000390915	2e+07	1.06301e+07	nan	898088	976	1021
20120918	-5313.32	1e+07	-1e+07	-0.000531332	2e+07	1.05478e+07	nan	942038	977	1020
20120919	-1776.7	1e+07	-1e+07	-0.00017767	2e+07	1.05526e+07	nan	922546	995	1003
20120920	-17691.5	1e+07	-1e+07	-0.00176915	2e+07	1.04506e+07	nan	923403	995	1003
20120921	-25613.5	9.99999e+06	-9.99998e+06	-0.00256134	2e+07	1.0558e+07	nan	958627	979	1017
20120924	11885.9	1e+07	-9.99999e+06	0.00118859	2e+07	1.05499e+07	nan	948826	987	1011
20120925	-14608.1	9.99999e+06	-9.99999e+06	-0.00146081	2e+07	1.08791e+07	nan	986420	978	1018
20120926	2793.63	9.99998e+06	-9.99999e+06	0.000279363	2e+07	1.10308e+07	nan	1.01327e+06	972	1026
20120927	-3742.54	1e+07	-1e+07	-0.000374254	2e+07	1.09586e+07	nan	1.01058e+06	973	1025
20120928	-12014.8	1e+07	-9.99999e+06	-0.00120148	2e+07	1.06388e+07	nan	962717	978	1018
20121008	14433	1e+07	-1e+07	0.0014433	2e+07	1.06014e+07	nan	942337	985	1010
20121009	-7243.16	9.99998e+06	-9.99998e+06	-0.000724316	2e+07	1.03153e+07	nan	953374	971	1023
20121010	13720.9	1e+07	-1e+07	0.00137209	1.99999e+07	1.04092e+07	nan	917414	964	1026
20121011	-44481.3	1e+07	-1e+07	-0.00444813	2e+07	1.04098e+07	nan	895892	978	1014
20121012	16020.7	1e+07	-1e+07	0.00160207	2e+07	1.0431e+07	nan	951656	967	1027
20121015	917.669	1e+07	-1e+07	9.17668e-05	2e+07	1.01833e+07	nan	919890	962	1035
20121016	3990.64	1e+07	-9.99999e+06	0.000399064	2e+07	1.04355e+07	nan	924559	981	1012
20121017	772.392	1e+07	-1e+07	7.72392e-05	2e+07	1.03766e+07	nan	938237	971	1026
20121018	17769.4	1e+07	-9.99998e+06	0.00177694	2e+07	1.03763e+07	nan	919188	999	996
20121019	3892.21	9.99999e+06	-1e+07	0.000389221	2e+07	1.01902e+07	nan	913490	989	1007
20121022	10816.7	1e+07	-1e+07	0.00108167	2e+07	1.03751e+07	nan	951209	992	1003
20121023	-15434.1	1e+07	-1e+07	-0.00154341	2e+07	1.03852e+07	nan	940646	978	1019
20121024	-23647.8	9.99999e+06	-1e+07	-0.00236478	2e+07	1.04865e+07	nan	962800	986	1010
20121025	-7282.57	9.99999e+06	-1e+07	-0.000728257	2e+07	1.06233e+07	nan	978951	988	1008
20121026	-33611.8	1e+07	-1e+07	-0.00336118	2e+07	1.05343e+07	nan	988847	1000	996
20121029	-12285.7	1e+07	-1e+07	-0.00122857	2e+07	1.05587e+07	nan	997935	984	1012
20121030	-4900.23	1e+07	-1e+07	-0.000490023	2e+07	1.05038e+07	nan	996440	975	1022
20121031	-8055.65	9.99999e+06	-1e+07	-0.000805565	2e+07	1.03739e+07	nan	970983	972	1021
20121101	-2416.92	1e+07	-1e+07	-0.000241692	2e+07	1.00138e+07	nan	968306	977	1018
20121102	-17162	1e+07	-1e+07	-0.0017162	2e+07	1.01617e+07	nan	934843	991	1005
20121105	-9808.81	1e+07	-9.99999e+06	-0.000980881	2e+07	1.02126e+07	nan	952593	999	996
20121106	-11287.6	1e+07	-1e+07	-0.00112876	2e+07	1.01915e+07	nan	939262	1021	973
20121107	-25447.9	1e+07	-9.99999e+06	-0.00254479	2e+07	1.01914e+07	nan	957004	1016	980
20121108	-4285.93	1e+07	-9.99999e+06	-0.000428593	2e+07	1.02423e+07	nan	965396	997	999
20121109	23869.2	1e+07	-9.99999e+06	0.00238692	2e+07	1.01139e+07	nan	986057	998	999
20121112	-3846.29	1e+07	-1e+07	-0.000384629	2e+07	1.00234e+07	nan	968937	993	1001
20121113	6065.99	9.99999e+06	-9.99998e+06	0.000606598	2e+07	1.01651e+07	nan	956555	994	997
20121114	13827.8	9.99999e+06	-9.99999e+06	0.00138279	2e+07	1.06375e+07	nan	1.03696e+06	965	1029
20121115	-29245.6	1e+07	-1e+07	-0.00292456	1.99999e+07	1.04756e+07	nan	1.01615e+06	1001	994
20121116	13922.3	1e+07	-1e+07	0.00139223	2e+07	1.02504e+07	nan	1.03428e+06	998	996
20121119	8211.88	1e+07	-1e+07	0.000821187	2e+07	1.01458e+07	nan	1.01194e+06	1012	983
20121120	-8976.52	1e+07	-1e+07	-0.000897652	2e+07	1.00725e+07	nan	987128	987	1008
20121121	4978.17	1e+07	-1e+07	0.000497817	2e+07	1.04131e+07	nan	1.02503e+06	986	1007
20121122	11522.1	1e+07	-1e+07	0.00115221	2e+07	1.04055e+07	nan	994498	983	1012
20121123	-27569.6	9.99999e+06	-9.99999e+06	-0.00275696	2e+07	1.03797e+07	nan	1.03413e+06	969	1023
20121126	11840.6	1e+07	-1e+07	0.00118407	2e+07	1.04415e+07	nan	1.05096e+06	997	997
20121127	-46780.6	1e+07	-9.99999e+06	-0.00467805	2e+07	1.03008e+07	nan	1.03657e+06	991	999
20121128	-25817.8	1e+07	-1e+07	-0.00258178	2e+07	1.03428e+07	nan	1.07833e+06	993	1001
20121129	-9493.29	1e+07	-1e+07	-0.000949328	2e+07	1.01854e+07	nan	1.09788e+06	1021	972
20121130	1685.2	1e+07	-1e+07	0.00016852	2e+07	9.79336e+06	nan	1.0792e+06	1033	962
20121203	-69235.4	1e+07	-1e+07	-0.00692354	2e+07	9.92426e+06	nan	1.05407e+06	1019	973
20121204	27091.7	1e+07	-1e+07	0.00270917	2e+07	9.83842e+06	nan	1.06102e+06	1016	978
20121205	35656.4	1e+07	-9.99999e+06	0.00356564	2e+07	9.99898e+06	nan	1.04562e+06	1010	982
20121206	31881.4	9.99999e+06	-1e+07	0.00318814	2e+07	1.0126e+07	nan	1.00691e+06	1019	977
20121207	34453.5	1e+07	-1e+07	0.00344535	2e+07	1.04252e+07	nan	1.06536e+06	1027	967
20121210	36719.8	9.99998e+06	-9.99999e+06	0.00367198	2e+07	1.05058e+07	nan	1.06501e+06	1007	986
20121211	-17506.6	1e+07	-1e+07	-0.00175066	2e+07	1.06119e+07	nan	1.04699e+06	989	1005
20121212	34266.6	9.99999e+06	-1e+07	0.00342666	2e+07	1.04654e+07	nan	1.08407e+06	998	995
20121213	3049.58	1e+07	-9.99999e+06	0.000304958	2e+07	1.0262e+07	nan	1.04886e+06	1012	982
20121214	25664.7	1e+07	-1e+07	0.00256647	2e+07	1.011e+07	nan	1.04065e+06	977	1018
20121217	22768.6	1e+07	-1e+07	0.00227686	2e+07	1.00716e+07	nan	978002	984	1011
20121218	-13202.7	1e+07	-1e+07	-0.00132027	2e+07	1.02766e+07	nan	993123	975	1020
20121219	-624.223	1e+07	-1e+07	-6.24223e-05	2e+07	1.02828e+07	nan	989011	965	1030
20121220	44883.2	1e+07	-1e+07	0.00448832	2e+07	1.03205e+07	nan	987552	951	1044
20121221	16664.6	9.99999e+06	-9.99999e+06	0.00166646	2e+07	1.0217e+07	nan	957741	962	1035
20121224	8195.96	1e+07	-1e+07	0.000819597	2e+07	1.06854e+07	nan	988674	985	1009
20121225	13322.9	1e+07	-1e+07	0.00133229	2e+07	1.03848e+07	nan	932901	989	1006
20121226	35322.9	1e+07	-9.99999e+06	0.00353229	2e+07	1.02713e+07	nan	904082	975	1023
20121227	-48905.1	9.99999e+06	-9.99999e+06	-0.00489052	2e+07	1.02645e+07	nan	900935	970	1028
20121228	38047.7	1e+07	-1e+07	0.00380477	2e+07	1.03566e+07	nan	908018	972	1024
20121231	-25009.1	1e+07	-1e+07	-0.00250091	2e+07	1.02844e+07	nan	888556	972	1025
20130104	16920	1e+07	-1e+07	0.001692	2e+07	1.03025e+07	nan	883834	967	1030
20130107	261.337	9.99999e+06	-1e+07	2.61337e-05	2e+07	1.04624e+07	nan	926832	960	1035
20130108	-8202.71	9.99999e+06	-9.99999e+06	-0.000820271	2e+07	1.04718e+07	nan	891935	1002	991
20130109	-9664.29	1e+07	-1e+07	-0.00096643	2e+07	1.05377e+07	nan	867949	992	999
20130110	2389.23	1e+07	-9.99999e+06	0.000238923	2e+07	1.07211e+07	nan	893218	981	1015
20130111	1396.47	1e+07	-1e+07	0.000139647	2e+07	1.09801e+07	nan	906133	975	1017
20130114	17007.1	1e+07	-1e+07	0.00170071	2e+07	1.06384e+07	nan	908701	968	1022
20130115	832.581	1e+07	-9.99999e+06	8.32579e-05	2e+07	1.06796e+07	nan	889568	983	1011
20130116	-14817.6	1e+07	-1e+07	-0.00148176	2e+07	1.07387e+07	nan	865859	985	1007
20130117	-32420	1e+07	-9.99999e+06	-0.003242	2e+07	1.08372e+07	nan	860356	1021	973
20130118	-30833.3	1e+07	-1e+07	-0.00308333	2e+07	1.09662e+07	nan	885579	1015	979
20130121	281.544	1e+07	-1e+07	2.81544e-05	2e+07	1.10785e+07	nan	900295	986	1009
20130122	-34959	1e+07	-1e+07	-0.0034959	2e+07	1.11083e+07	nan	889674	993	1001
20130123	17227.6	9.99999e+06	-9.99999e+06	0.00172276	2e+07	1.06283e+07	nan	883538	983	1013
20130124	-2223.41	9.99999e+06	-1e+07	-0.000222341	2e+07	1.08534e+07	nan	878334	994	1000
20130125	13999.8	1e+07	-9.99999e+06	0.00139998	2e+07	1.08414e+07	nan	895079	998	994
20130128	-14378.1	9.99999e+06	-1e+07	-0.00143781	2e+07	1.08164e+07	nan	908911	979	1018
20130129	10345	1e+07	-1e+07	0.0010345	2e+07	1.09005e+07	nan	882247	998	998
20130130	-42786.2	9.99999e+06	-9.99999e+06	-0.00427862	2e+07	1.0852e+07	nan	887441	985	1009
20130131	-30394	1e+07	-1e+07	-0.0030394	2e+07	1.08509e+07	nan	884072	989	1006
20130201	-17278.5	1e+07	-1e+07	-0.00172785	2e+07	1.06482e+07	nan	863906	1016	978
20130204	4602.88	9.99998e+06	-1e+07	0.000460287	2e+07	1.0647e+07	nan	861150	988	1009
20130205	-11769.8	9.99998e+06	-9.99998e+06	-0.00117698	2e+07	1.06153e+07	nan	846112	984	1013
20130206	-5750.15	1e+07	-1e+07	-0.000575016	2e+07	1.07647e+07	nan	865322	998	998
20130207	14610.6	1e+07	-1e+07	0.00146106	2e+07	1.03909e+07	nan	838020	1002	993
20130208	-18785.9	1e+07	-1e+07	-0.00187859	2.00001e+07	1.03433e+07	nan	831082	981	1015
20130218	22353.4	1e+07	-1e+07	0.00223534	2e+07	1.04073e+07	nan	837567	978	1019
20130219	17383.2	1e+07	-1e+07	0.00173832	2e+07	1.03599e+07	nan	839472	965	1031
20130220	-2072.91	1e+07	-1e+07	-0.00020729	2e+07	1.06186e+07	nan	836628	1002	995
20130221	7990.25	1e+07	-1e+07	0.000799025	2e+07	1.06147e+07	nan	822064	1004	994
20130222	-19128.3	1e+07	-1e+07	-0.00191283	2e+07	1.05247e+07	nan	818006	1008	990
20130225	-16813.6	1e+07	-9.99999e+06	-0.00168136	2e+07	1.09331e+07	nan	863887	1011	985
20130226	4188.33	9.99999e+06	-1e+07	0.000418833	2e+07	1.07732e+07	nan	864581	1020	977
20130227	-2561.47	1e+07	-1e+07	-0.000256147	2e+07	1.07213e+07	nan	854468	961	1036
20130228	3812.94	1e+07	-1e+07	0.000381294	2e+07	1.06706e+07	nan	867224	992	1004
20130301	2629.02	1e+07	-1e+07	0.000262902	2e+07	1.08334e+07	nan	840819	985	1012
20130304	30796.9	1e+07	-1e+07	0.00307969	2e+07	1.06535e+07	nan	809713	1012	983
20130305	-78.9498	1e+07	-1e+07	-7.89498e-06	2e+07	1.07331e+07	nan	842711	1006	987
20130306	-6049.58	1e+07	-1e+07	-0.000604957	2e+07	1.0506e+07	nan	831563	1003	992
20130307	14826.1	1e+07	-1e+07	0.00148261	2e+07	1.03983e+07	nan	801776	1024	969
20130308	1524.57	1e+07	-1e+07	0.000152457	2e+07	1.06838e+07	nan	829375	1010	985
20130311	-6273.01	1e+07	-1e+07	-0.000627301	2e+07	1.07207e+07	nan	841821	1010	988
20130312	-2763.91	9.99999e+06	-1e+07	-0.000276391	2e+07	1.05709e+07	nan	840940	976	1022
20130313	-4949.18	9.99999e+06	-1e+07	-0.000494918	2e+07	1.0462e+07	nan	839467	981	1016
20130314	-17520.6	1e+07	-1e+07	-0.00175206	2e+07	1.07092e+07	nan	864828	977	1021
20130315	2998.66	1e+07	-1e+07	0.000299866	2e+07	1.06262e+07	nan	877194	989	1008
20130318	-11379.6	1e+07	-9.99999e+06	-0.00113796	2e+07	1.06936e+07	nan	867853	980	1014
20130319	7902.79	9.99998e+06	-9.99998e+06	0.000790279	2e+07	1.04758e+07	nan	847697	985	1012
20130320	-7698.32	1e+07	-1e+07	-0.000769833	2e+07	1.05153e+07	nan	848620	983	1014
20130321	11383.6	1e+07	-1e+07	0.00113836	2e+07	1.04205e+07	nan	839088	1000	997
20130322	-3725.33	1e+07	-1e+07	-0.000372533	2e+07	1.06032e+07	nan	832035	980	1015
20130325	854.248	9.99999e+06	-9.99999e+06	8.54247e-05	2e+07	1.05508e+07	nan	831704	959	1038
20130326	16404.8	9.99999e+06	-9.99999e+06	0.00164049	2e+07	1.0606e+07	nan	837074	998	1000
20130327	1691.63	9.99998e+06	-9.99999e+06	0.000169163	2e+07	1.09475e+07	nan	861999	1006	991
20130328	-17670.2	1e+07	-1e+07	-0.00176703	2e+07	1.08319e+07	nan	845860	1027	971
20130329	-14111.5	1e+07	-1e+07	-0.00141115	2e+07	1.07396e+07	nan	898557	1002	994
20130401	-4676.7	1e+07	-1e+07	-0.00046767	2e+07	1.07397e+07	nan	900770	1006	990
20130402	31923.6	1e+07	-1e+07	0.00319235	2e+07	1.07799e+07	nan	867318	1012	983
20130403	-18460.2	9.99998e+06	-9.99997e+06	-0.00184602	2e+07	1.09621e+07	nan	883731	1009	988
20130408	-40702.3	1e+07	-1e+07	-0.00407024	2e+07	1.0998e+07	nan	920454	1024	971
20130409	22467.8	9.99999e+06	-1e+07	0.00224678	2e+07	1.10374e+07	nan	929840	1004	992
20130410	8518.55	1e+07	-1e+07	0.000851856	2e+07	1.07779e+07	nan	907664	1002	994
20130411	-3309.23	1e+07	-1e+07	-0.000330922	2e+07	1.07297e+07	nan	883094	982	1012
20130412	-13838.9	9.99999e+06	-9.99999e+06	-0.00138389	2e+07	1.07724e+07	nan	921414	990	1006
20130415	9047.68	1e+07	-1e+07	0.000904769	2e+07	1.07327e+07	nan	934747	989	1008
20130416	-6932.8	1e+07	-1e+07	-0.00069328	2e+07	1.0833e+07	nan	948900	985	1013
20130417	16886.7	1e+07	-1e+07	0.00168867	2e+07	1.10151e+07	nan	966531	1001	997
20130418	-3252.7	1e+07	-9.99999e+06	-0.00032527	2e+07	1.06991e+07	nan	935476	971	1026
20130419	-10855	9.99999e+06	-1e+07	-0.0010855	2e+07	1.04764e+07	nan	938487	981	1016
20130422	-8638.7	9.99999e+06	-9.99999e+06	-0.00086387	2e+07	1.03925e+07	nan	892991	968	1029
20130423	-11375.5	9.99999e+06	-9.99999e+06	-0.00113755	2e+07	1.01801e+07	nan	841594	966	1026
20130424	25431	9.99999e+06	-1e+07	0.0025431	2e+07	1.03364e+07	nan	896256	961	1035
20130425	-25365.8	1e+07	-1e+07	-0.00253658	2e+07	1.03922e+07	nan	855946	969	1028
20130426	-34436.6	1e+07	-1e+07	-0.00344366	2e+07	1.03452e+07	nan	855314	953	1043
20130502	-7.14418	1e+07	-1e+07	-7.14419e-07	2e+07	1.06589e+07	nan	925034	991	1005
20130503	20633.1	1e+07	-1e+07	0.00206331	2e+07	1.09728e+07	nan	904530	945	1052
20130506	-5223.52	9.99999e+06	-1e+07	-0.000522351	2e+07	1.09758e+07	nan	940794	995	1001
20130507	4379.75	9.99999e+06	-9.99999e+06	0.000437975	2e+07	1.0763e+07	nan	904534	992	1004
20130508	56.3496	9.99999e+06	-9.99999e+06	5.63497e-06	2e+07	1.04424e+07	nan	886674	1011	986
20130509	14119.9	1e+07	-1e+07	0.00141199	2e+07	1.01507e+07	nan	832244	1017	980
20130510	3497.14	1e+07	-1e+07	0.000349714	2e+07	1.03138e+07	nan	818510	1033	966
20130513	3783.14	1e+07	-1e+07	0.000378313	2e+07	1.04519e+07	nan	839126	1017	980
20130514	-1431.03	1e+07	-1e+07	-0.000143103	2e+07	1.04886e+07	nan	826726	1034	965
20130515	13354.5	1e+07	-1e+07	0.00133545	2e+07	1.03477e+07	nan	844293	1017	981
20130516	-13944.1	1e+07	-1e+07	-0.00139441	2e+07	1.02656e+07	nan	831909	1000	997
20130517	3012.7	9.99999e+06	-9.99999e+06	0.00030127	2e+07	1.05362e+07	nan	843051	993	1003
20130520	-6196.03	9.99999e+06	-1e+07	-0.000619603	2e+07	1.06405e+07	nan	849374	995	1003
20130521	-399.651	1e+07	-9.99999e+06	-3.99652e-05	2e+07	1.12325e+07	nan	833647	1018	977
20130522	-21963.5	1e+07	-1e+07	-0.00219635	2e+07	1.11857e+07	nan	843422	994	1002
20130523	23637.2	1e+07	-1e+07	0.00236372	2e+07	1.08213e+07	nan	842892	1002	996
20130524	20523.8	1e+07	-1e+07	0.00205238	2e+07	1.03713e+07	nan	818313	1015	983
20130527	-36987.1	1e+07	-1e+07	-0.00369871	2e+07	1.05993e+07	nan	809544	994	1004
20130528	14506.1	1e+07	-1e+07	0.00145061	2e+07	1.06427e+07	nan	807995	994	1004
20130529	-783.604	1e+07	-1e+07	-7.83604e-05	2e+07	1.06996e+07	nan	841066	990	1008
20130530	593.508	1e+07	-1e+07	5.93508e-05	2e+07	1.08844e+07	nan	826788	998	1001
20130531	-10243.1	9.99999e+06	-9.99999e+06	-0.00102431	2e+07	1.04609e+07	nan	827495	1005	994
20130603	2705.33	1e+07	-1e+07	0.000270533	2e+07	1.0478e+07	nan	810903	1002	997
20130604	-7534.52	9.99999e+06	-1e+07	-0.000753452	2e+07	1.05268e+07	nan	810910	989	1010
20130605	12665.1	1e+07	-1e+07	0.00126651	2e+07	1.0518e+07	nan	835281	981	1018
20130606	22279.3	1e+07	-1e+07	0.00222793	2e+07	1.03975e+07	nan	831440	1000	998
20130607	-14633.8	1e+07	-1e+07	-0.00146338	2e+07	1.04054e+07	nan	869965	989	1009
20130613	9655.07	1e+07	-1e+07	0.000965507	2e+07	1.04006e+07	nan	859665	994	1005
20130614	8915.86	1e+07	-9.99999e+06	0.000891586	2e+07	1.06565e+07	nan	906723	992	1007
20130617	33640.9	1e+07	-9.99999e+06	0.00336409	2e+07	1.02138e+07	nan	854913	982	1015
20130618	23230.5	1e+07	-1e+07	0.00232305	2e+07	1.0596e+07	nan	858997	1003	994
20130619	-8854.28	1e+07	-1e+07	-0.000885428	2e+07	1.07342e+07	nan	908760	975	1024
20130620	-5618.56	9.99999e+06	-9.99999e+06	-0.000561856	2e+07	1.04306e+07	nan	879808	969	1029
20130621	14168.5	1e+07	-9.99999e+06	0.00141686	2e+07	1.05533e+07	nan	900222	1002	996
20130624	-16021.8	1e+07	-1e+07	-0.00160218	2e+07	1.06996e+07	nan	935285	997	1002
20130625	13714.5	9.99999e+06	-9.99998e+06	0.00137145	2e+07	1.08505e+07	nan	995670	1003	994
20130626	-27971.2	1e+07	-1e+07	-0.00279713	2e+07	1.06968e+07	nan	992245	995	1004
20130627	41916	9.99999e+06	-9.99999e+06	0.0041916	2e+07	1.04493e+07	nan	963133	993	1005
20130628	34506.1	1e+07	-1e+07	0.00345061	2e+07	1.06231e+07	nan	994549	988	1009
20130701	-50098.2	1e+07	-1e+07	-0.00500981	2e+07	1.08241e+07	nan	1.01188e+06	979	1019
20130702	-35179.3	1e+07	-1e+07	-0.00351793	2e+07	1.07054e+07	nan	966404	999	1000
20130703	-49910.1	1e+07	-9.99999e+06	-0.00499101	2e+07	1.09646e+07	nan	972563	970	1026
20130704	55126.1	1e+07	-1e+07	0.00551261	2e+07	1.0678e+07	nan	939341	965	1032
20130705	15454.7	1e+07	-9.99999e+06	0.00154547	2e+07	1.08289e+07	nan	955108	960	1037
20130708	-41100.2	1e+07	-1e+07	-0.00411002	2e+07	1.09807e+07	nan	996402	956	1039
20130709	-19573.6	1e+07	-1e+07	-0.00195736	2e+07	1.10572e+07	nan	1.01196e+06	1004	993
20130710	50859	1e+07	-9.99999e+06	0.0050859	2e+07	1.09983e+07	nan	1.05887e+06	982	1015
20130711	13874.7	1e+07	-1e+07	0.00138747	2e+07	1.05571e+07	nan	971935	982	1012
20130712	-13780.9	9.99998e+06	-1e+07	-0.00137809	2e+07	1.08742e+07	nan	960836	972	1021
20130715	-4542.24	1e+07	-1e+07	-0.000454224	2e+07	1.07625e+07	nan	949215	955	1040
20130716	8333.97	1e+07	-1e+07	0.000833397	2e+07	1.08115e+07	nan	942859	985	1010
20130717	18362.4	1e+07	-1e+07	0.00183623	2e+07	1.05187e+07	nan	902608	979	1019
20130718	-12254.6	9.99999e+06	-1e+07	-0.00122546	2e+07	1.08275e+07	nan	925221	970	1026
20130719	-12047.7	9.99999e+06	-9.99999e+06	-0.00120477	2e+07	1.0634e+07	nan	944670	980	1017
20130722	-32286.6	1e+07	-1e+07	-0.00322866	2e+07	1.05674e+07	nan	931924	971	1027
20130723	-4586.97	9.99999e+06	-1e+07	-0.000458697	2e+07	1.05996e+07	nan	925278	993	1005
20130724	-4751.13	1e+07	-9.99999e+06	-0.000475113	2e+07	1.0795e+07	nan	931854	976	1019
20130725	-16914.9	1e+07	-1e+07	-0.00169149	2e+07	1.13312e+07	nan	963516	995	1003
20130726	-12672.2	1e+07	-1e+07	-0.00126722	2e+07	1.09302e+07	nan	916270	1007	992
20130729	27311.9	9.99999e+06	-1e+07	0.00273118	2e+07	1.05632e+07	nan	915896	1008	990
20130730	32055	1e+07	-1e+07	0.0032055	2e+07	1.07098e+07	nan	930306	987	1009
20130731	-16860	1e+07	-1e+07	-0.001686	2e+07	1.07392e+07	nan	929742	977	1020
20130801	9527.47	9.99999e+06	-9.99999e+06	0.000952746	2e+07	1.09324e+07	nan	949847	992	1002
20130802	14650.3	1e+07	-9.99999e+06	0.00146503	2e+07	1.08212e+07	nan	918101	964	1033
20130805	-15439.1	1e+07	-1e+07	-0.00154392	2e+07	1.06176e+07	nan	920071	987	1003
20130806	-6063.88	1e+07	-1e+07	-0.000606388	2e+07	1.06102e+07	nan	887692	1017	980
20130807	919.833	1e+07	-1e+07	9.19833e-05	2e+07	1.06493e+07	nan	855965	987	1010
20130808	12139.2	9.99999e+06	-1e+07	0.00121392	2e+07	1.05286e+07	nan	863043	995	1003
20130809	5508.08	9.99998e+06	-9.99999e+06	0.000550808	2e+07	1.05716e+07	nan	864125	977	1022
20130812	4164.35	1e+07	-1e+07	0.000416435	2e+07	1.07792e+07	nan	868406	977	1021
20130813	-2334.98	1e+07	-1e+07	-0.000233498	2e+07	1.07617e+07	nan	883131	947	1051
20130814	1472.15	1e+07	-1e+07	0.000147215	2e+07	1.08026e+07	nan	894579	926	1072
20130815	-15407	1e+07	-1e+07	-0.0015407	2e+07	1.08008e+07	nan	873833	974	1022
20130816	-4556.71	1e+07	-9.99999e+06	-0.000455671	2e+07	1.08371e+07	nan	899358	970	1026
20130819	5380.75	1e+07	-9.99999e+06	0.000538075	2e+07	1.09305e+07	nan	904955	976	1023
20130820	962.628	1e+07	-1e+07	9.62629e-05	2e+07	1.06996e+07	nan	880046	967	1029
20130821	1306.25	1e+07	-1e+07	0.000130624	2e+07	1.07047e+07	nan	894426	994	1002
20130822	-2180	1e+07	-1e+07	-0.000218	2e+07	1.03307e+07	nan	862242	990	1006
20130823	-8706.64	1e+07	-1e+07	-0.000870664	2e+07	1.05327e+07	nan	857446	986	1010
20130826	170.582	1e+07	-1e+07	1.70582e-05	2e+07	1.07551e+07	nan	883290	995	1002
20130827	8919.98	1e+07	-1e+07	0.000891998	2e+07	1.07233e+07	nan	869368	969	1028
20130828	25467.1	1e+07	-1e+07	0.00254671	2e+07	1.07163e+07	nan	861040	988	1007
20130829	-4464.81	9.99999e+06	-9.99999e+06	-0.000446481	2e+07	1.08853e+07	nan	878549	990	1005
20130830	12619.6	1e+07	-1e+07	0.00126196	2e+07	1.03709e+07	nan	866438	986	1010
20130902	398.577	1e+07	-1e+07	3.98577e-05	2e+07	1.048e+07	nan	880152	969	1024
20130903	7673.55	1e+07	-1e+07	0.000767355	2e+07	1.09878e+07	nan	933508	992	1002
20130904	23501.3	1e+07	-1e+07	0.00235012	2e+07	1.06327e+07	nan	874603	1005	989
20130905	-10931	1e+07	-1e+07	-0.0010931	2e+07	1.09773e+07	nan	903989	1022	974
20130906	30755	1e+07	-1e+07	0.0030755	2e+07	1.10317e+07	nan	899616	985	1010
20130909	-694.933	1e+07	-1e+07	-6.94932e-05	2e+07	1.12526e+07	nan	911017	982	1010
20130910	4107.2	1e+07	-1e+07	0.00041072	2e+07	1.08196e+07	nan	861675	966	1027
20130911	11993.2	1e+07	-1e+07	0.00119932	2e+07	1.05722e+07	nan	861929	968	1022
20130912	-5459.79	1e+07	-1e+07	-0.000545979	2e+07	1.1009e+07	nan	887693	963	1024
20130913	-3928.02	9.99999e+06	-9.99999e+06	-0.000392802	2e+07	1.09249e+07	nan	877043	957	1035
20130916	-8218.78	1e+07	-1e+07	-0.000821879	2e+07	1.09116e+07	nan	891294	972	1022
20130917	-7462.72	1e+07	-1e+07	-0.000746272	2e+07	1.09779e+07	nan	871992	980	1013
20130918	-1262.02	1e+07	-1e+07	-0.000126202	2e+07	1.08441e+07	nan	865693	1007	989
20130923	-11901.3	1e+07	-1e+07	-0.00119013	2e+07	1.09165e+07	nan	880640	1001	996
20130924	-2377	1e+07	-1e+07	-0.0002377	2e+07	1.07833e+07	nan	861130	994	1003
20130925	31.7475	1e+07	-1e+07	3.17474e-06	2e+07	1.06751e+07	nan	848004	991	1006
20130926	-31073.9	1e+07	-1e+07	-0.00310738	2e+07	1.05212e+07	nan	826930	985	1012
20130927	-22173.8	1e+07	-1e+07	-0.00221738	2e+07	1.06979e+07	nan	851117	988	1009
20130930	13226.1	9.99999e+06	-9.99999e+06	0.00132261	2e+07	1.07147e+07	nan	860881	992	1005
20131008	6023.9	1e+07	-1e+07	0.00060239	2e+07	1.04624e+07	nan	844535	974	1023
20131009	13240.2	1e+07	-1e+07	0.00132402	2e+07	1.06952e+07	nan	817901	955	1043
20131010	-23834.8	9.99999e+06	-9.99998e+06	-0.00238348	2e+07	1.06124e+07	nan	805796	980	1015
20131011	8848.84	1e+07	-1e+07	0.000884885	2e+07	1.09147e+07	nan	853096	992	1001
20131014	-44548.9	1e+07	-1e+07	-0.00445489	2e+07	1.06851e+07	nan	801815	985	1009
20131015	40375.3	1e+07	-9.99999e+06	0.00403753	2e+07	1.08294e+07	nan	815753	978	1015
20131016	-20782.7	1e+07	-1e+07	-0.00207827	2e+07	1.07327e+07	nan	791514	1000	992
20131017	-25661.9	9.99999e+06	-1e+07	-0.00256619	2e+07	1.08458e+07	nan	829645	1016	980
20131018	20036.1	9.99999e+06	-1e+07	0.00200361	2e+07	1.09937e+07	nan	826295	1009	986
20131021	11642.5	1e+07	-1e+07	0.00116425	2e+07	1.06421e+07	nan	818049	984	1012
20131022	29442.6	1e+07	-1e+07	0.00294426	2e+07	1.05359e+07	nan	804868	984	1013
20131023	-16876.8	1e+07	-9.99999e+06	-0.00168768	2e+07	1.07042e+07	nan	803471	990	1005
20131024	-16161.5	1e+07	-9.99999e+06	-0.00161615	2e+07	1.05678e+07	nan	807546	963	1033
20131025	34570.9	1e+07	-1e+07	0.00345709	2e+07	1.05318e+07	nan	811365	965	1033
20131028	-22443.3	9.99999e+06	-9.99998e+06	-0.00224432	2e+07	1.07646e+07	nan	819532	961	1037
20131029	28825.8	9.99999e+06	-9.99999e+06	0.00288258	2e+07	1.0492e+07	nan	822149	973	1021
20131030	-26928.6	9.99999e+06	-9.99998e+06	-0.00269287	2e+07	1.05753e+07	nan	864988	979	1018
20131031	-35584.6	9.99999e+06	-9.99998e+06	-0.00355846	2e+07	1.05658e+07	nan	861813	947	1050
20131101	-35776.7	9.99999e+06	-9.99999e+06	-0.00357767	2e+07	1.07052e+07	nan	858813	973	1021
20131104	18789.8	1e+07	-9.99999e+06	0.00187899	2e+07	1.05701e+07	nan	872542	977	1020
20131105	17083.1	1e+07	-1e+07	0.00170831	2e+07	1.0452e+07	nan	839775	981	1014
20131106	-949.976	1e+07	-1e+07	-9.49976e-05	2e+07	1.05713e+07	nan	855824	1026	971
20131107	5965.1	1e+07	-9.99999e+06	0.000596509	2e+07	1.06498e+07	nan	872089	1000	996
20131108	-3630.17	1e+07	-1e+07	-0.000363017	2e+07	1.08927e+07	nan	882563	1010	988
20131111	11306.5	1e+07	-1e+07	0.00113065	2e+07	1.06169e+07	nan	874217	1010	988
20131112	38951.1	1e+07	-1e+07	0.00389511	2e+07	1.06783e+07	nan	868826	996	1000
20131113	32500.6	1e+07	-1e+07	0.00325006	2e+07	1.05637e+07	nan	857483	990	1008
20131114	26521.4	1e+07	-1e+07	0.00265213	2e+07	1.0738e+07	nan	896409	990	1002
20131115	5921.11	1e+07	-1e+07	0.00059211	2e+07	1.09432e+07	nan	879201	975	1021
20131118	-48433.4	9.99999e+06	-9.99999e+06	-0.00484334	2e+07	1.06104e+07	nan	849136	991	1001
20131119	15935.5	1e+07	-1e+07	0.00159355	2e+07	1.05173e+07	nan	818635	982	1005
20131120	13459.5	1e+07	-1e+07	0.00134595	2e+07	1.06414e+07	nan	823616	968	1021
20131121	-6393.65	1e+07	-1e+07	-0.000639365	2e+07	1.04461e+07	nan	820185	962	1034
20131122	-27051.8	1e+07	-1e+07	-0.00270518	2e+07	1.08405e+07	nan	852292	973	1025
20131125	21121.9	1e+07	-1e+07	0.00211219	2e+07	1.05472e+07	nan	815936	965	1029
20131126	2668.04	1e+07	-1e+07	0.000266804	2e+07	1.06638e+07	nan	833352	961	1030
20131127	22226.1	1e+07	-1e+07	0.00222261	2e+07	1.02542e+07	nan	804141	949	1048
20131128	17853	1e+07	-1e+07	0.0017853	2e+07	1.04614e+07	nan	795075	903	1094
20131129	45524.7	1e+07	-1e+07	0.00455246	2e+07	1.02502e+07	nan	769027	952	1045
20131202	-43600.4	1e+07	-1e+07	-0.00436004	2e+07	1.01054e+07	nan	749120	966	1032
20131203	6674.03	1e+07	-1e+07	0.000667402	2e+07	1.10203e+07	nan	815274	967	1017
20131204	7370.42	1e+07	-1e+07	0.000737042	2e+07	1.04933e+07	nan	797518	954	1043
20131205	-5552.09	1e+07	-1e+07	-0.000555209	2e+07	1.04959e+07	nan	786357	973	1025
20131206	-7077.93	1e+07	-1e+07	-0.000707793	2e+07	1.08162e+07	nan	807843	971	1026
20131209	13266.1	1e+07	-9.99999e+06	0.00132661	2e+07	1.09611e+07	nan	843408	975	1022
20131210	-23717.4	1e+07	-1e+07	-0.00237174	2e+07	1.11004e+07	nan	847000	985	1013
20131211	4863.6	1e+07	-1e+07	0.00048636	2e+07	1.0932e+07	nan	827844	976	1021
20131212	4552.27	9.99999e+06	-1e+07	0.000455227	2e+07	1.10499e+07	nan	863561	970	1027
20131213	-1219.76	1e+07	-1e+07	-0.000121976	2e+07	1.10019e+07	nan	851968	994	1003
